10000
9999
9998
9997
9997
9996
9996
9996
9995
9993
9992
9992
9991
9991
9991
9990
9989
9988
9988
9988
9987
9987
9984
9984
9981
9980
9980
9980
9980
9979
9979
9978
9978
9976
9976
9975
9972
9972
9971
9971
9970
9967
9965
9965
9963
9962
9961
9961
9958
9958
9958
9957
9954
9954
9953
9951
9947
9945
9945
9944
9944
9944
9943
9942
9940
9939
9937
9937
9937
9936
9935
9932
9931
9931
9931
9925
9925
9925
9924
9924
9921
9919
9918
9917
9916
9915
9915
9914
9913
9912
9911
9911
9910
9910
9910
9908
9907
9906
9906
9905
9904
9903
9903
9902
9902
9900
9900
9899
9896
9896
9895
9894
9894
9894
9892
9890
9889
9889
9888
9886
9885
9884
9882
9881
9881
9880
9879
9878
9877
9877
9876
9873
9871
9871
9870
9869
9868
9865
9865
9864
9864
9864
9862
9862
9860
9858
9858
9857
9857
9855
9854
9852
9850
9849
9848
9848
9848
9847
9847
9847
9845
9843
9843
9842
9842
9841
9841
9838
9837
9837
9836
9835
9835
9834
9834
9834
9832
9832
9828
9827
9824
9824
9823
9823
9823
9822
9821
9821
9821
9821
9819
9819
9819
9818
9817
9815
9814
9813
9811
9811
9811
9810
9809
9808
9808
9808
9807
9807
9807
9807
9805
9804
9803
9802
9801
9801
9801
9800
9800
9799
9798
9796
9796
9796
9795
9795
9794
9791
9789
9789
9787
9786
9785
9784
9784
9784
9783
9781
9781
9780
9778
9778
9778
9778
9776
9774
9772
9771
9769
9769
9767
9767
9767
9766
9766
9764
9763
9761
9759
9759
9758
9757
9757
9756
9754
9754
9753
9752
9751
9751
9751
9750
9750
9748
9746
9745
9745
9744
9744
9743
9743
9743
9740
9740
9740
9740
9737
9736
9734
9732
9732
9732
9731
9730
9730
9730
9729
9729
9729
9727
9726
9725
9724
9723
9722
9720
9719
9719
9718
9716
9716
9716
9716
9715
9715
9714
9714
9714
9712
9711
9711
9711
9709
9708
9707
9707
9707
9705
9703
9702
9699
9698
9697
9696
9695
9694
9694
9692
9691
9690
9690
9690
9689
9689
9688
9686
9685
9685
9685
9685
9685
9683
9681
9681
9680
9679
9678
9678
9676
9672
9669
9667
9667
9666
9660
9658
9658
9658
9657
9655
9655
9654
9654
9652
9652
9652
9651
9651
9650
9648
9647
9647
9644
9643
9643
9642
9641
9641
9640
9639
9637
9634
9633
9631
9631
9629
9628
9628
9628
9627
9627
9626
9626
9625
9624
9623
9622
9620
9619
9617
9616
9616
9615
9615
9614
9612
9610
9609
9608
9608
9606
9606
9606
9601
9600
9598
9596
9596
9596
9596
9596
9595
9594
9593
9592
9591
9591
9588
9588
9586
9585
9585
9584
9583
9579
9578
9577
9577
9576
9576
9576
9573
9572
9570
9569
9569
9567
9567
9565
9565
9561
9559
9559
9558
9557
9555
9555
9555
9554
9551
9549
9549
9548
9546
9546
9544
9541
9540
9539
9538
9538
9537
9536
9536
9535
9534
9532
9532
9531
9531
9531
9531
9528
9528
9528
9527
9525
9523
9523
9520
9520
9518
9517
9516
9516
9514
9512
9511
9510
9510
9509
9509
9508
9507
9507
9507
9506
9505
9504
9503
9499
9499
9498
9489
9489
9488
9484
9484
9483
9481
9481
9481
9478
9478
9478
9477
9476
9475
9473
9472
9472
9472
9472
9471
9470
9469
9468
9468
9466
9465
9465
9462
9462
9462
9462
9461
9461
9461
9460
9460
9458
9457
9456
9456
9455
9454
9453
9452
9452
9450
9450
9450
9449
9448
9448
9447
9446
9446
9445
9444
9442
9442
9441
9440
9438
9438
9438
9438
9437
9437
9435
9434
9434
9433
9433
9433
9433
9431
9431
9430
9427
9425
9425
9424
9423
9421
9421
9421
9420
9419
9418
9418
9418
9415
9413
9412
9412
9410
9407
9406
9404
9404
9404
9403
9402
9402
9402
9402
9400
9399
9399
9398
9398
9392
9392
9390
9389
9387
9387
9385
9385
9385
9384
9382
9382
9382
9380
9380
9380
9378
9378
9377
9377
9375
9375
9375
9375
9374
9373
9371
9371
9369
9368
9366
9366
9364
9363
9362
9362
9361
9361
9361
9361
9359
9359
9358
9357
9356
9355
9353
9353
9351
9349
9348
9348
9348
9346
9345
9345
9344
9344
9344
9342
9341
9340
9340
9339
9337
9337
9337
9333
9332
9332
9332
9332
9329
9329
9327
9325
9324
9324
9322
9322
9321
9320
9320
9320
9319
9319
9318
9318
9318
9316
9315
9314
9313
9312
9311
9309
9308
9308
9307
9307
9307
9306
9305
9305
9304
9304
9304
9303
9303
9303
9303
9302
9300
9299
9297
9296
9293
9290
9290
9288
9287
9284
9283
9283
9283
9282
9281
9281
9280
9278
9276
9274
9274
9273
9272
9269
9269
9268
9264
9264
9263
9262
9262
9260
9260
9260
9259
9258
9255
9254
9253
9253
9253
9251
9249
9249
9248
9247
9244
9243
9243
9242
9241
9240
9240
9238
9236
9233
9231
9230
9230
9229
9228
9226
9225
9225
9223
9222
9221
9220
9220
9219
9219
9219
9218
9217
9216
9216
9213
9212
9211
9211
9210
9208
9204
9202
9202
9198
9197
9195
9195
9193
9190
9187
9187
9187
9186
9186
9186
9186
9185
9185
9184
9181
9180
9180
9179
9178
9176
9176
9176
9173
9171
9170
9169
9169
9169
9168
9168
9165
9165
9164
9164
9164
9163
9163
9162
9161
9161
9161
9159
9159
9157
9157
9156
9154
9154
9152
9152
9151
9150
9148
9147
9147
9147
9145
9145
9143
9143
9142
9141
9140
9140
9140
9139
9139
9138
9137
9137
9136
9136
9135
9135
9134
9133
9133
9132
9131
9130
9128
9127
9125
9125
9125
9124
9124
9123
9123
9123
9122
9121
9121
9121
9117
9117
9116
9115
9115
9114
9114
9110
9109
9109
9109
9108
9108
9108
9108
9107
9107
9107
9107
9106
9105
9105
9103
9103
9101
9099
9098
9098
9095
9095
9095
9093
9090
9088
9087
9085
9084
9084
9083
9082
9082
9082
9082
9079
9079
9078
9077
9077
9076
9075
9072
9070
9070
9068
9068
9068
9066
9066
9064
9064
9064
9060
9060
9060
9059
9059
9059
9058
9057
9057
9056
9056
9053
9053
9052
9052
9052
9050
9050
9049
9049
9048
9044
9043
9042
9042
9040
9039
9039
9035
9034
9034
9033
9033
9033
9031
9031
9030
9028
9027
9025
9024
9024
9023
9020
9019
9019
9017
9012
9012
9012
9011
9010
9009
9005
9004
9004
9003
9003
9002
9000
9000
9000
9000
8997
8993
8993
8993
8991
8991
8991
8990
8990
8989
8989
8989
8985
8985
8984
8983
8983
8981
8980
8980
8979
8979
8978
8976
8973
8972
8968
8967
8967
8967
8965
8965
8964
8963
8962
8960
8958
8958
8956
8956
8955
8953
8952
8952
8951
8951
8951
8950
8948
8947
8945
8944
8944
8942
8941
8941
8941
8940
8938
8938
8937
8937
8935
8934
8934
8934
8933
8933
8933
8930
8927
8927
8926
8924
8921
8920
8919
8913
8913
8911
8906
8904
8904
8904
8903
8901
8900
8897
8897
8896
8896
8895
8895
8893
8893
8892
8892
8892
8892
8890
8890
8890
8888
8888
8887
8886
8886
8886
8886
8884
8884
8883
8881
8880
8880
8879
8875
8875
8875
8875
8872
8872
8868
8867
8867
8867
8866
8864
8862
8861
8859
8857
8856
8854
8853
8852
8850
8850
8850
8849
8847
8847
8847
8846
8846
8845
8843
8843
8843
8843
8841
8841
8841
8841
8840
8840
8840
8838
8836
8836
8834
8833
8833
8832
8831
8830
8830
8826
8825
8825
8825
8821
8820
8820
8819
8818
8817
8816
8814
8814
8814
8813
8812
8811
8810
8810
8809
8809
8808
8808
8807
8805
8804
8804
8804
8802
8802
8801
8798
8797
8796
8795
8795
8793
8793
8793
8792
8791
8790
8790
8788
8788
8788
8786
8785
8785
8785
8784
8783
8780
8780
8779
8779
8778
8777
8775
8774
8772
8772
8772
8770
8770
8770
8769
8768
8768
8768
8767
8767
8766
8765
8764
8763
8763
8761
8760
8759
8758
8755
8754
8754
8754
8753
8753
8752
8751
8751
8751
8750
8749
8749
8749
8749
8746
8745
8744
8742
8741
8738
8737
8734
8734
8733
8731
8731
8731
8730
8729
8728
8727
8726
8725
8724
8724
8723
8722
8720
8720
8719
8716
8715
8715
8714
8714
8713
8712
8712
8710
8709
8709
8709
8705
8703
8703
8701
8701
8700
8700
8699
8695
8694
8693
8691
8691
8691
8689
8686
8686
8685
8680
8678
8677
8677
8676
8675
8675
8674
8673
8672
8668
8667
8666
8665
8664
8664
8663
8663
8662
8660
8659
8658
8658
8656
8654
8651
8651
8648
8646
8646
8644
8644
8643
8642
8641
8641
8641
8639
8636
8635
8630
8629
8629
8628
8628
8628
8627
8626
8625
8624
8622
8620
8620
8620
8619
8616
8615
8614
8612
8612
8609
8608
8606
8604
8604
8603
8601
8601
8601
8601
8600
8600
8600
8599
8597
8596
8594
8593
8593
8592
8591
8591
8590
8588
8587
8587
8586
8583
8583
8580
8580
8579
8579
8579
8574
8574
8572
8572
8571
8570
8570
8568
8566
8565
8565
8563
8563
8563
8562
8561
8561
8557
8556
8556
8555
8554
8552
8552
8551
8551
8551
8549
8549
8548
8547
8545
8545
8545
8544
8544
8542
8542
8541
8540
8539
8536
8535
8535
8532
8530
8528
8528
8528
8528
8527
8526
8525
8525
8524
8523
8523
8521
8519
8516
8515
8513
8512
8511
8511
8510
8509
8509
8508
8507
8505
8505
8504
8503
8503
8500
8500
8497
8496
8495
8494
8493
8493
8493
8492
8492
8492
8491
8491
8491
8490
8489
8489
8489
8488
8487
8487
8487
8487
8487
8485
8484
8483
8482
8482
8480
8480
8479
8478
8476
8476
8475
8474
8474
8472
8472
8471
8471
8471
8471
8470
8470
8470
8469
8461
8461
8460
8460
8460
8457
8456
8456
8456
8452
8451
8450
8449
8449
8448
8446
8446
8445
8445
8444
8441
8440
8439
8439
8439
8434
8434
8433
8432
8431
8430
8430
8428
8427
8426
8423
8423
8422
8421
8420
8419
8419
8419
8418
8418
8418
8417
8416
8415
8413
8412
8411
8411
8411
8408
8405
8404
8404
8404
8403
8402
8399
8398
8396
8395
8395
8395
8393
8390
8389
8388
8388
8388
8388
8387
8382
8381
8380
8378
8377
8375
8373
8373
8369
8368
8367
8366
8365
8364
8364
8363
8363
8363
8362
8362
8361
8361
8360
8359
8359
8358
8357
8355
8354
8353
8352
8351
8346
8346
8345
8345
8345
8344
8344
8343
8342
8342
8341
8341
8341
8340
8335
8335
8334
8333
8332
8332
8331
8328
8327
8326
8325
8323
8323
8323
8320
8319
8319
8319
8318
8318
8318
8314
8314
8312
8310
8310
8309
8308
8308
8307
8305
8304
8303
8299
8297
8295
8295
8294
8294
8294
8294
8293
8291
8287
8286
8285
8282
8282
8280
8279
8279
8279
8278
8277
8276
8275
8274
8274
8273
8273
8273
8272
8270
8270
8269
8265
8265
8264
8264
8263
8262
8262
8260
8259
8259
8257
8257
8256
8255
8254
8253
8252
8251
8249
8247
8245
8244
8244
8242
8241
8241
8240
8240
8240
8239
8237
8237
8235
8235
8234
8234
8234
8234
8233
8230
8227
8227
8227
8226
8225
8225
8225
8224
8224
8221
8221
8220
8220
8220
8218
8218
8217
8214
8213
8213
8212
8211
8211
8210
8209
8205
8203
8203
8202
8200
8199
8197
8197
8196
8195
8194
8194
8192
8192
8192
8191
8191
8191
8191
8188
8187
8186
8184
8183
8183
8183
8183
8183
8182
8182
8181
8180
8180
8179
8179
8179
8179
8178
8178
8178
8178
8175
8173
8171
8169
8168
8168
8166
8165
8165
8165
8165
8164
8164
8164
8164
8161
8160
8160
8159
8159
8157
8156
8150
8149
8148
8146
8146
8146
8145
8144
8139
8138
8137
8136
8136
8136
8132
8131
8130
8129
8126
8124
8122
8122
8120
8120
8120
8119
8119
8118
8118
8118
8117
8116
8115
8113
8112
8112
8112
8111
8108
8106
8105
8103
8098
8097
8096
8095
8095
8092
8091
8087
8087
8083
8081
8080
8079
8079
8076
8076
8075
8074
8073
8072
8070
8070
8069
8069
8069
8068
8067
8065
8065
8063
8062
8061
8060
8058
8057
8055
8054
8051
8051
8050
8050
8050
8049
8049
8048
8048
8048
8047
8046
8045
8043
8043
8042
8041
8039
8039
8039
8037
8037
8037
8033
8033
8032
8031
8030
8029
8029
8028
8027
8024
8024
8022
8022
8022
8020
8019
8019
8016
8016
8016
8014
8013
8013
8009
8009
8008
8008
8007
8007
8007
8005
8005
8005
8000
8000
7999
7999
7998
7998
7996
7995
7994
7994
7993
7992
7991
7990
7990
7990
7987
7987
7986
7986
7986
7986
7985
7985
7984
7983
7983
7982
7981
7980
7980
7979
7979
7977
7976
7976
7975
7971
7971
7970
7969
7969
7968
7968
7966
7964
7961
7961
7960
7959
7957
7955
7955
7955
7955
7954
7952
7952
7951
7949
7948
7947
7945
7945
7944
7944
7944
7942
7941
7941
7941
7941
7941
7939
7938
7936
7934
7933
7931
7931
7929
7928
7927
7927
7927
7926
7924
7923
7920
7919
7918
7918
7918
7917
7917
7917
7916
7914
7913
7912
7912
7911
7911
7910
7910
7909
7909
7907
7907
7906
7906
7906
7905
7904
7904
7904
7902
7901
7899
7898
7897
7897
7896
7895
7894
7894
7894
7889
7889
7888
7888
7887
7887
7887
7886
7885
7885
7884
7884
7884
7883
7881
7880
7879
7877
7876
7876
7875
7875
7875
7874
7872
7871
7870
7870
7868
7868
7867
7867
7865
7865
7864
7864
7863
7863
7863
7863
7862
7861
7861
7861
7861
7859
7856
7856
7853
7852
7852
7850
7849
7847
7846
7846
7845
7843
7842
7841
7838
7836
7836
7835
7834
7834
7833
7833
7830
7829
7826
7826
7825
7825
7824
7824
7824
7822
7822
7822
7822
7821
7819
7818
7817
7817
7816
7815
7815
7814
7814
7813
7812
7812
7812
7811
7809
7809
7808
7806
7806
7805
7804
7802
7801
7801
7800
7800
7799
7798
7798
7797
7793
7792
7791
7791
7791
7791
7789
7789
7788
7788
7787
7786
7786
7786
7780
7780
7780
7779
7779
7778
7777
7777
7776
7775
7775
7773
7772
7772
7770
7770
7769
7766
7766
7763
7762
7762
7761
7757
7756
7755
7754
7754
7753
7752
7750
7749
7748
7748
7746
7746
7744
7744
7742
7742
7741
7740
7738
7736
7734
7734
7732
7732
7731
7731
7729
7727
7724
7724
7723
7722
7721
7721
7720
7720
7720
7718
7716
7716
7716
7716
7716
7715
7715
7714
7713
7712
7710
7710
7710
7710
7709
7708
7708
7708
7707
7707
7706
7705
7705
7705
7705
7702
7701
7701
7701
7696
7695
7695
7695
7695
7694
7694
7694
7692
7692
7689
7689
7688
7686
7686
7685
7685
7684
7684
7684
7683
7683
7682
7681
7681
7679
7677
7676
7676
7676
7675
7675
7674
7673
7673
7672
7672
7671
7670
7669
7669
7665
7664
7664
7663
7661
7660
7659
7659
7656
7655
7655
7655
7654
7651
7649
7648
7647
7647
7646
7646
7644
7642
7641
7641
7641
7639
7637
7635
7633
7632
7632
7632
7630
7629
7626
7625
7625
7625
7624
7623
7622
7620
7620
7619
7619
7619
7618
7618
7616
7614
7614
7612
7611
7610
7609
7608
7608
7608
7606
7605
7603
7602
7602
7602
7601
7600
7597
7595
7595
7594
7593
7591
7591
7590
7589
7588
7588
7588
7587
7585
7584
7582
7582
7582
7581
7580
7580
7579
7578
7577
7576
7575
7572
7571
7570
7568
7564
7564
7564
7563
7561
7560
7559
7557
7557
7556
7555
7554
7554
7553
7552
7552
7551
7550
7549
7548
7548
7547
7545
7545
7544
7544
7542
7541
7541
7539
7538
7537
7536
7536
7534
7532
7532
7531
7530
7530
7530
7529
7529
7529
7529
7527
7527
7526
7525
7525
7524
7522
7522
7521
7521
7521
7520
7519
7519
7517
7517
7517
7516
7516
7513
7512
7511
7510
7510
7509
7509
7508
7507
7506
7506
7504
7503
7501
7501
7501
7501
7500
7500
7498
7495
7495
7493
7492
7491
7490
7488
7487
7486
7485
7485
7481
7480
7479
7477
7476
7475
7475
7472
7470
7464
7463
7461
7461
7460
7460
7460
7455
7455
7455
7453
7452
7452
7452
7450
7450
7450
7449
7448
7448
7448
7446
7445
7445
7443
7442
7441
7440
7437
7433
7433
7431
7431
7430
7430
7430
7429
7427
7426
7424
7423
7423
7421
7420
7420
7417
7417
7416
7415
7414
7413
7412
7410
7410
7408
7408
7405
7405
7405
7403
7401
7401
7399
7399
7398
7395
7395
7395
7393
7389
7388
7388
7388
7387
7386
7385
7385
7383
7381
7381
7380
7380
7379
7376
7375
7373
7373
7371
7370
7370
7367
7361
7361
7360
7356
7354
7351
7349
7348
7347
7347
7346
7345
7344
7343
7343
7343
7342
7341
7339
7339
7336
7335
7334
7332
7330
7329
7328
7326
7326
7325
7324
7323
7322
7321
7321
7320
7319
7318
7317
7317
7316
7315
7315
7314
7310
7310
7309
7307
7307
7305
7303
7302
7301
7298
7298
7296
7293
7292
7290
7285
7284
7282
7282
7282
7280
7279
7278
7276
7275
7274
7274
7273
7273
7272
7271
7268
7265
7264
7264
7263
7262
7261
7260
7259
7259
7258
7258
7258
7258
7258
7258
7257
7256
7256
7255
7253
7253
7252
7252
7251
7250
7249
7247
7247
7246
7244
7244
7241
7239
7239
7239
7237
7236
7236
7235
7234
7233
7232
7231
7231
7231
7231
7229
7229
7228
7228
7227
7227
7227
7227
7225
7225
7225
7224
7224
7222
7222
7222
7220
7219
7218
7216
7215
7214
7212
7209
7207
7206
7206
7205
7204
7204
7203
7202
7202
7202
7201
7201
7201
7201
7201
7200
7200
7199
7198
7195
7195
7194
7194
7193
7193
7191
7191
7190
7190
7188
7186
7186
7185
7184
7182
7180
7179
7177
7176
7175
7175
7174
7172
7172
7172
7171
7171
7170
7170
7168
7168
7168
7162
7155
7155
7154
7154
7152
7152
7151
7150
7149
7147
7147
7143
7142
7141
7139
7138
7138
7137
7135
7135
7134
7134
7134
7133
7132
7132
7130
7130
7129
7127
7126
7125
7125
7124
7122
7122
7119
7119
7119
7118
7118
7118
7118
7117
7117
7117
7117
7116
7114
7114
7109
7108
7108
7107
7107
7106
7105
7104
7104
7104
7101
7100
7100
7100
7098
7098
7097
7095
7095
7095
7094
7093
7092
7092
7088
7088
7088
7088
7087
7087
7085
7085
7082
7076
7075
7074
7073
7072
7071
7069
7068
7068
7066
7066
7066
7066
7065
7065
7065
7064
7064
7063
7059
7059
7058
7058
7058
7057
7057
7055
7054
7054
7053
7052
7052
7051
7049
7049
7047
7047
7046
7043
7043
7043
7041
7040
7039
7037
7037
7036
7035
7035
7034
7034
7034
7033
7033
7030
7028
7022
7022
7018
7018
7016
7016
7016
7013
7011
7011
7010
7010
7010
7010
7010
7009
7009
7008
7008
7005
7005
7004
7004
7003
7002
7002
7000
6999
6998
6997
6996
6992
6991
6989
6989
6988
6987
6986
6986
6983
6979
6978
6978
6975
6973
6971
6971
6970
6970
6970
6968
6967
6965
6961
6961
6961
6960
6960
6960
6958
6957
6956
6956
6955
6954
6954
6952
6950
6950
6948
6948
6947
6946
6944
6944
6943
6942
6941
6939
6937
6936
6935
6935
6933
6932
6929
6928
6927
6927
6925
6925
6923
6921
6921
6920
6919
6917
6914
6914
6914
6913
6911
6910
6910
6910
6909
6909
6904
6904
6903
6903
6902
6901
6899
6897
6896
6893
6893
6889
6887
6887
6883
6883
6882
6882
6882
6881
6880
6879
6879
6876
6876
6875
6875
6874
6874
6874
6874
6873
6871
6871
6869
6869
6868
6868
6868
6867
6866
6865
6864
6864
6863
6863
6863
6860
6859
6858
6858
6858
6855
6852
6851
6851
6851
6850
6850
6847
6846
6846
6845
6844
6843
6842
6839
6838
6837
6837
6836
6835
6833
6831
6831
6830
6829
6829
6823
6822
6822
6821
6820
6820
6818
6817
6817
6815
6814
6811
6811
6811
6809
6809
6806
6806
6805
6802
6802
6800
6800
6800
6800
6797
6796
6796
6795
6795
6793
6793
6789
6787
6787
6786
6786
6786
6786
6784
6784
6783
6783
6782
6781
6779
6778
6778
6778
6776
6775
6774
6773
6773
6773
6771
6770
6770
6770
6769
6769
6768
6767
6766
6764
6764
6764
6761
6758
6758
6757
6756
6756
6756
6755
6755
6754
6754
6754
6751
6750
6750
6749
6749
6746
6745
6744
6744
6743
6741
6740
6740
6739
6738
6738
6738
6737
6736
6736
6735
6735
6735
6735
6734
6728
6728
6727
6726
6725
6725
6723
6722
6721
6721
6720
6718
6716
6714
6714
6714
6713
6713
6713
6713
6712
6711
6710
6708
6706
6705
6705
6701
6700
6698
6697
6696
6695
6695
6694
6694
6694
6694
6692
6692
6691
6689
6687
6687
6687
6686
6685
6685
6684
6682
6682
6679
6679
6678
6678
6678
6678
6677
6675
6675
6674
6673
6672
6669
6669
6669
6668
6666
6664
6664
6661
6661
6661
6660
6659
6658
6657
6657
6657
6656
6655
6655
6654
6652
6651
6650
6650
6648
6647
6646
6643
6641
6639
6639
6639
6637
6637
6636
6636
6635
6633
6633
6632
6632
6632
6631
6631
6630
6630
6630
6629
6629
6628
6627
6626
6626
6625
6624
6624
6623
6622
6621
6621
6621
6620
6618
6617
6616
6616
6615
6615
6614
6614
6614
6612
6612
6609
6609
6609
6608
6605
6605
6604
6604
6604
6604
6602
6602
6598
6597
6596
6596
6595
6594
6590
6589
6587
6586
6585
6581
6581
6581
6579
6579
6578
6577
6576
6576
6576
6575
6574
6574
6573
6573
6572
6572
6572
6571
6571
6571
6571
6569
6568
6566
6565
6561
6558
6557
6557
6556
6553
6552
6552
6552
6549
6549
6547
6544
6544
6544
6543
6541
6539
6538
6537
6537
6537
6536
6533
6532
6531
6529
6528
6528
6527
6525
6525
6524
6523
6523
6522
6522
6520
6517
6514
6513
6512
6511
6511
6508
6508
6508
6506
6505
6504
6503
6500
6497
6496
6495
6495
6495
6492
6491
6490
6490
6489
6488
6485
6483
6483
6483
6482
6479
6479
6478
6477
6475
6474
6474
6473
6473
6473
6472
6471
6471
6470
6468
6468
6467
6465
6464
6462
6462
6460
6460
6460
6459
6459
6458
6457
6455
6455
6455
6454
6454
6454
6453
6453
6452
6451
6449
6449
6447
6445
6445
6445
6444
6443
6443
6443
6442
6440
6439
6432
6432
6430
6429
6429
6428
6427
6426
6424
6424
6423
6421
6420
6419
6419
6419
6416
6416
6416
6415
6415
6415
6415
6412
6410
6410
6408
6407
6406
6406
6405
6404
6403
6403
6402
6402
6401
6401
6398
6397
6397
6396
6396
6394
6394
6394
6393
6392
6391
6391
6390
6387
6386
6384
6384
6382
6381
6378
6377
6372
6368
6368
6367
6366
6362
6361
6360
6360
6359
6359
6356
6356
6356
6354
6353
6352
6351
6350
6350
6346
6345
6345
6345
6344
6343
6342
6339
6338
6338
6338
6338
6335
6334
6334
6333
6331
6330
6329
6329
6327
6325
6325
6324
6324
6322
6317
6317
6317
6316
6315
6314
6313
6313
6312
6312
6311
6310
6310
6309
6308
6301
6301
6298
6297
6297
6296
6295
6295
6294
6291
6290
6290
6289
6289
6289
6289
6287
6287
6286
6285
6284
6284
6284
6283
6281
6280
6279
6279
6279
6278
6277
6277
6277
6276
6275
6275
6275
6272
6272
6271
6270
6269
6269
6267
6266
6266
6266
6265
6265
6263
6261
6259
6259
6259
6256
6256
6256
6255
6255
6253
6252
6251
6247
6244
6242
6242
6242
6242
6242
6236
6236
6236
6234
6233
6233
6231
6230
6230
6230
6230
6229
6229
6227
6225
6225
6222
6222
6222
6222
6221
6220
6220
6219
6218
6214
6213
6212
6212
6211
6207
6207
6206
6205
6205
6205
6200
6200
6200
6199
6198
6197
6195
6195
6194
6193
6193
6192
6191
6191
6189
6188
6186
6186
6185
6183
6181
6178
6177
6176
6176
6175
6174
6171
6170
6170
6170
6168
6166
6164
6164
6163
6163
6162
6161
6161
6160
6159
6158
6157
6157
6155
6155
6154
6152
6151
6150
6149
6149
6148
6145
6145
6144
6142
6138
6138
6135
6134
6132
6132
6132
6130
6128
6128
6127
6125
6125
6123
6121
6121
6121
6121
6119
6118
6117
6115
6114
6114
6112
6112
6111
6110
6110
6109
6107
6106
6105
6104
6104
6100
6100
6099
6099
6098
6098
6098
6097
6097
6096
6095
6094
6094
6094
6093
6093
6093
6089
6088
6088
6087
6087
6086
6086
6086
6085
6084
6083
6082
6080
6079
6078
6078
6078
6076
6076
6074
6073
6072
6070
6070
6069
6067
6067
6066
6066
6065
6064
6061
6061
6059
6059
6058
6058
6056
6055
6055
6055
6054
6053
6051
6049
6049
6048
6048
6047
6045
6044
6043
6042
6042
6042
6040
6038
6038
6037
6035
6035
6034
6034
6034
6033
6032
6032
6031
6031
6030
6029
6029
6028
6028
6028
6027
6027
6022
6021
6019
6019
6018
6018
6016
6015
6013
6009
6008
6007
6006
6006
6005
6003
6002
6001
5999
5999
5998
5997
5996
5994
5993
5991
5990
5990
5988
5986
5985
5985
5984
5983
5983
5983
5982
5980
5980
5978
5974
5974
5972
5971
5970
5969
5969
5968
5967
5965
5965
5963
5962
5962
5961
5961
5961
5961
5961
5961
5961
5960
5958
5958
5958
5958
5957
5956
5954
5951
5950
5950
5949
5948
5947
5946
5946
5942
5941
5941
5941
5938
5936
5935
5935
5935
5933
5933
5932
5932
5931
5930
5928
5928
5927
5927
5926
5924
5924
5924
5924
5923
5920
5918
5918
5916
5913
5913
5913
5912
5911
5909
5908
5906
5905
5904
5904
5901
5901
5901
5901
5901
5900
5900
5900
5895
5895
5894
5893
5892
5891
5889
5888
5887
5887
5885
5883
5882
5880
5879
5878
5878
5877
5877
5876
5875
5873
5870
5870
5870
5869
5869
5864
5864
5861
5861
5860
5860
5859
5858
5858
5858
5858
5857
5856
5856
5854
5854
5853
5851
5851
5849
5848
5848
5847
5847
5845
5843
5839
5838
5834
5834
5832
5832
5832
5831
5830
5829
5823
5823
5823
5821
5816
5814
5812
5812
5812
5811
5811
5811
5810
5809
5809
5803
5803
5802
5799
5799
5799
5798
5795
5793
5793
5792
5790
5790
5788
5788
5787
5787
5787
5787
5786
5785
5785
5783
5781
5781
5779
5779
5778
5777
5776
5773
5769
5769
5769
5769
5768
5768
5767
5766
5766
5762
5761
5761
5760
5759
5759
5759
5757
5757
5756
5755
5755
5753
5753
5752
5751
5750
5749
5746
5746
5745
5744
5742
5742
5741
5741
5739
5738
5737
5736
5736
5735
5735
5735
5735
5732
5732
5730
5730
5730
5729
5727
5727
5726
5726
5724
5724
5723
5722
5721
5721
5717
5713
5711
5711
5710
5708
5708
5704
5701
5697
5697
5695
5694
5693
5693
5692
5691
5691
5691
5691
5690
5689
5689
5688
5688
5688
5686
5686
5686
5682
5681
5681
5680
5680
5679
5678
5678
5677
5675
5675
5675
5675
5674
5674
5673
5669
5669
5666
5665
5664
5664
5661
5660
5659
5659
5659
5659
5658
5656
5653
5650
5650
5649
5645
5645
5644
5644
5642
5642
5639
5638
5637
5636
5634
5634
5633
5632
5629
5628
5628
5626
5625
5625
5625
5624
5622
5622
5619
5618
5617
5616
5616
5616
5616
5615
5614
5613
5611
5610
5610
5609
5608
5604
5604
5603
5602
5601
5601
5601
5600
5600
5600
5600
5600
5599
5597
5595
5593
5587
5586
5586
5584
5583
5583
5583
5583
5582
5582
5582
5582
5581
5580
5579
5579
5578
5578
5578
5578
5578
5576
5575
5574
5573
5573
5571
5571
5569
5569
5568
5567
5566
5566
5564
5564
5562
5562
5560
5557
5557
5555
5552
5551
5551
5551
5550
5550
5549
5546
5546
5544
5544
5543
5543
5542
5542
5542
5541
5540
5540
5539
5538
5536
5536
5535
5534
5533
5532
5530
5530
5528
5528
5527
5525
5525
5524
5523
5522
5521
5521
5519
5519
5518
5517
5516
5516
5515
5515
5515
5515
5515
5513
5512
5510
5510
5509
5509
5506
5506
5505
5504
5503
5503
5503
5502
5501
5500
5499
5499
5499
5499
5497
5494
5494
5493
5490
5488
5487
5486
5485
5484
5484
5484
5482
5482
5482
5481
5480
5476
5475
5475
5475
5474
5472
5469
5467
5466
5465
5465
5464
5463
5463
5462
5461
5461
5460
5454
5453
5452
5452
5451
5450
5450
5449
5448
5447
5445
5445
5445
5444
5444
5443
5443
5439
5439
5438
5437
5434
5433
5433
5432
5431
5431
5430
5429
5429
5428
5427
5427
5426
5426
5426
5424
5423
5423
5422
5420
5417
5415
5415
5415
5412
5411
5410
5407
5406
5406
5404
5403
5402
5401
5400
5400
5400
5398
5394
5393
5392
5391
5386
5385
5384
5380
5379
5378
5377
5376
5374
5373
5372
5371
5369
5368
5367
5366
5362
5359
5359
5358
5357
5357
5356
5356
5355
5354
5352
5352
5349
5348
5347
5347
5346
5344
5343
5341
5339
5339
5334
5332
5332
5332
5331
5331
5330
5330
5330
5329
5328
5328
5327
5325
5324
5322
5321
5321
5321
5320
5319
5318
5318
5318
5318
5317
5317
5317
5317
5316
5315
5315
5315
5314
5312
5312
5311
5309
5308
5308
5304
5303
5300
5299
5297
5296
5296
5294
5292
5292
5291
5291
5289
5289
5288
5286
5286
5284
5284
5282
5280
5280
5280
5279
5278
5275
5273
5271
5270
5265
5264
5264
5263
5263
5263
5260
5259
5258
5256
5254
5254
5253
5253
5252
5251
5250
5249
5248
5247
5247
5246
5245
5245
5245
5243
5243
5243
5241
5240
5240
5240
5237
5237
5234
5233
5232
5230
5228
5228
5227
5225
5225
5224
5224
5222
5220
5220
5219
5217
5215
5214
5214
5213
5213
5213
5212
5211
5210
5210
5208
5206
5205
5205
5205
5202
5202
5202
5200
5200
5199
5198
5197
5195
5194
5194
5194
5193
5193
5192
5191
5191
5191
5190
5188
5186
5185
5178
5176
5176
5173
5173
5172
5172
5168
5165
5165
5164
5162
5162
5162
5161
5160
5159
5159
5157
5157
5157
5154
5153
5152
5150
5150
5149
5149
5148
5146
5145
5145
5145
5144
5142
5140
5140
5140
5137
5137
5136
5132
5129
5127
5126
5126
5126
5124
5124
5121
5117
5117
5115
5115
5114
5113
5112
5112
5111
5109
5108
5107
5107
5107
5106
5106
5104
5104
5103
5101
5100
5098
5097
5097
5096
5096
5095
5095
5092
5091
5091
5088
5088
5086
5086
5086
5086
5086
5084
5084
5083
5083
5083
5082
5080
5079
5079
5077
5077
5076
5076
5076
5075
5075
5074
5073
5071
5069
5066
5065
5065
5065
5065
5064
5063
5063
5060
5060
5060
5058
5057
5056
5055
5054
5053
5053
5052
5052
5050
5050
5049
5045
5041
5040
5039
5039
5038
5037
5037
5037
5035
5035
5032
5032
5031
5029
5028
5026
5025
5023
5022
5022
5022
5021
5021
5021
5020
5020
5018
5018
5015
5015
5013
5013
5012
5012
5011
5010
5010
5009
5009
5008
5007
5007
5005
5005
5005
5002
5001
4999
4998
4998
4998
4998
4996
4996
4996
4995
4994
4993
4992
4991
4990
4989
4987
4985
4985
4984
4983
4983
4981
4981
4981
4979
4979
4977
4977
4976
4976
4975
4975
4972
4972
4971
4970
4970
4970
4968
4966
4965
4964
4963
4963
4962
4961
4960
4960
4959
4959
4959
4956
4956
4955
4954
4954
4950
4948
4947
4946
4946
4945
4944
4943
4943
4943
4943
4941
4941
4939
4938
4937
4937
4935
4934
4933
4932
4932
4932
4931
4930
4930
4929
4929
4928
4928
4924
4924
4923
4921
4920
4918
4918
4917
4916
4914
4912
4911
4910
4910
4908
4908
4907
4907
4906
4904
4904
4903
4903
4903
4902
4900
4899
4898
4896
4895
4894
4894
4892
4892
4891
4889
4887
4886
4886
4886
4883
4881
4881
4881
4880
4879
4877
4873
4873
4870
4870
4867
4867
4866
4866
4864
4861
4860
4856
4856
4854
4854
4853
4852
4852
4852
4850
4844
4842
4841
4840
4839
4839
4839
4838
4837
4837
4833
4831
4831
4831
4830
4829
4829
4829
4828
4828
4827
4827
4824
4823
4822
4821
4820
4819
4816
4815
4814
4814
4813
4812
4811
4810
4808
4808
4808
4808
4806
4806
4806
4805
4803
4802
4802
4802
4801
4801
4798
4796
4795
4794
4794
4793
4793
4792
4792
4791
4790
4789
4789
4789
4786
4786
4786
4785
4785
4784
4784
4784
4784
4783
4783
4782
4782
4781
4780
4779
4778
4776
4774
4774
4774
4771
4771
4770
4768
4767
4766
4766
4765
4765
4765
4764
4761
4761
4760
4759
4756
4755
4755
4753
4752
4752
4752
4750
4750
4749
4749
4749
4748
4746
4746
4746
4745
4744
4744
4743
4741
4740
4739
4738
4737
4737
4736
4736
4734
4734
4733
4733
4732
4732
4731
4730
4730
4727
4726
4726
4725
4725
4725
4724
4720
4719
4719
4719
4717
4716
4715
4714
4713
4713
4710
4709
4709
4707
4706
4705
4701
4701
4700
4699
4698
4698
4696
4695
4695
4694
4693
4693
4692
4691
4690
4689
4689
4688
4686
4685
4685
4684
4684
4683
4681
4680
4679
4678
4678
4677
4677
4676
4675
4675
4672
4672
4671
4669
4669
4666
4665
4665
4665
4665
4663
4661
4661
4659
4659
4658
4658
4654
4654
4654
4654
4653
4653
4652
4652
4651
4651
4650
4649
4649
4647
4646
4646
4645
4643
4642
4639
4635
4635
4634
4633
4630
4630
4629
4629
4627
4627
4627
4625
4625
4623
4623
4622
4621
4620
4620
4619
4619
4617
4616
4613
4611
4609
4609
4608
4608
4607
4606
4606
4605
4603
4603
4601
4601
4599
4599
4598
4598
4597
4596
4595
4595
4594
4594
4593
4593
4593
4592
4591
4590
4589
4589
4588
4586
4583
4583
4581
4580
4576
4575
4572
4570
4570
4569
4568
4568
4568
4568
4567
4567
4565
4565
4564
4564
4564
4563
4563
4563
4560
4559
4559
4558
4556
4556
4555
4555
4554
4553
4552
4551
4549
4548
4548
4548
4547
4547
4544
4543
4542
4542
4541
4540
4540
4537
4537
4531
4531
4531
4526
4523
4521
4520
4518
4515
4514
4513
4513
4513
4512
4508
4506
4506
4505
4504
4503
4501
4501
4500
4497
4497
4496
4494
4493
4493
4492
4490
4489
4488
4485
4485
4485
4485
4483
4483
4480
4480
4480
4478
4476
4476
4475
4474
4471
4471
4470
4470
4469
4467
4466
4466
4463
4462
4461
4459
4458
4458
4456
4453
4452
4452
4451
4450
4447
4446
4444
4443
4443
4443
4441
4441
4440
4440
4438
4437
4436
4436
4435
4435
4434
4433
4433
4430
4429
4429
4428
4426
4425
4421
4421
4421
4420
4419
4417
4415
4415
4414
4414
4413
4413
4413
4413
4412
4412
4411
4411
4409
4408
4408
4408
4407
4406
4406
4405
4404
4404
4403
4402
4401
4401
4400
4400
4400
4399
4396
4395
4390
4390
4389
4387
4385
4384
4383
4383
4383
4382
4382
4381
4380
4380
4376
4374
4374
4373
4373
4368
4368
4368
4367
4365
4363
4363
4359
4359
4358
4354
4354
4353
4350
4349
4348
4347
4347
4346
4345
4345
4343
4343
4342
4342
4341
4341
4341
4341
4340
4339
4339
4338
4338
4338
4337
4337
4336
4335
4335
4334
4333
4333
4329
4329
4326
4325
4325
4324
4324
4323
4323
4320
4318
4317
4317
4317
4317
4316
4316
4315
4313
4313
4313
4313
4312
4311
4311
4310
4309
4309
4309
4309
4309
4309
4307
4307
4307
4307
4306
4305
4304
4302
4301
4300
4299
4297
4297
4297
4296
4294
4293
4290
4289
4287
4287
4286
4284
4284
4283
4283
4282
4281
4280
4280
4279
4279
4279
4278
4277
4277
4277
4276
4275
4273
4272
4272
4271
4271
4266
4263
4262
4260
4256
4255
4254
4254
4250
4248
4246
4246
4245
4245
4245
4244
4243
4243
4243
4242
4241
4241
4238
4236
4235
4235
4235
4233
4232
4229
4229
4229
4227
4224
4224
4222
4221
4219
4217
4217
4215
4214
4214
4213
4211
4210
4208
4208
4207
4207
4205
4204
4204
4201
4200
4200
4200
4198
4196
4196
4194
4194
4191
4188
4185
4182
4180
4179
4179
4179
4176
4175
4175
4174
4171
4171
4168
4166
4166
4166
4165
4164
4163
4162
4161
4161
4157
4157
4157
4156
4155
4154
4153
4153
4153
4151
4151
4149
4149
4147
4147
4146
4145
4144
4143
4143
4141
4141
4141
4140
4140
4139
4139
4137
4137
4135
4132
4131
4131
4130
4130
4128
4126
4126
4126
4125
4125
4123
4123
4122
4120
4118
4115
4115
4113
4113
4113
4112
4108
4108
4106
4106
4105
4102
4101
4099
4097
4096
4095
4094
4094
4092
4091
4091
4090
4090
4089
4089
4089
4087
4085
4085
4082
4081
4081
4081
4079
4076
4076
4075
4075
4075
4074
4072
4072
4072
4071
4065
4064
4063
4062
4061
4059
4057
4056
4056
4055
4054
4053
4053
4048
4047
4044
4043
4043
4041
4041
4040
4038
4037
4037
4036
4036
4036
4035
4035
4035
4034
4033
4031
4030
4029
4028
4028
4027
4025
4024
4024
4023
4022
4022
4022
4021
4018
4016
4014
4014
4012
4011
4010
4008
4008
4008
4008
4006
4005
4005
4005
4005
4004
4003
4002
4001
4001
4001
4000
4000
3997
3996
3996
3995
3995
3994
3993
3992
3988
3986
3984
3982
3982
3981
3981
3978
3977
3976
3976
3973
3971
3970
3967
3964
3964
3962
3961
3958
3958
3958
3957
3955
3955
3951
3951
3949
3949
3947
3947
3946
3944
3943
3942
3940
3940
3939
3938
3936
3935
3935
3934
3933
3932
3931
3929
3929
3925
3924
3922
3920
3917
3917
3917
3916
3914
3911
3911
3906
3906
3906
3906
3906
3906
3904
3904
3904
3902
3902
3900
3899
3898
3898
3897
3897
3897
3896
3895
3895
3890
3889
3888
3886
3885
3883
3883
3883
3882
3882
3881
3880
3875
3871
3871
3871
3868
3867
3865
3865
3865
3865
3864
3864
3864
3864
3863
3862
3862
3858
3857
3857
3856
3856
3855
3855
3854
3853
3851
3848
3848
3848
3848
3846
3845
3845
3843
3843
3842
3841
3840
3839
3838
3838
3837
3833
3829
3828
3828
3827
3826
3826
3824
3824
3821
3817
3814
3814
3812
3810
3809
3809
3808
3808
3805
3805
3804
3804
3804
3802
3801
3800
3799
3797
3796
3794
3794
3794
3792
3791
3790
3788
3787
3787
3787
3787
3786
3786
3786
3785
3784
3783
3779
3778
3778
3778
3775
3774
3774
3773
3772
3772
3770
3769
3768
3767
3766
3764
3763
3763
3761
3759
3758
3757
3757
3757
3757
3757
3755
3754
3753
3753
3752
3752
3751
3750
3750
3749
3749
3749
3748
3745
3745
3744
3744
3744
3742
3742
3742
3740
3740
3739
3738
3737
3734
3733
3729
3728
3727
3723
3722
3721
3721
3719
3719
3718
3718
3713
3711
3711
3709
3707
3707
3706
3706
3706
3705
3704
3703
3702
3701
3701
3699
3698
3698
3697
3696
3695
3695
3693
3692
3691
3687
3687
3686
3684
3683
3683
3682
3680
3679
3679
3679
3678
3678
3677
3677
3676
3676
3675
3672
3671
3671
3671
3671
3668
3667
3666
3665
3664
3664
3664
3663
3661
3661
3660
3658
3657
3656
3656
3655
3655
3653
3653
3653
3652
3652
3652
3651
3648
3647
3647
3646
3645
3645
3644
3643
3643
3641
3641
3639
3638
3638
3638
3636
3634
3634
3631
3631
3630
3630
3627
3627
3626
3621
3621
3621
3620
3619
3618
3617
3614
3614
3613
3613
3611
3610
3609
3607
3606
3606
3603
3601
3600
3598
3597
3597
3594
3594
3591
3589
3588
3587
3587
3587
3586
3586
3586
3581
3581
3580
3579
3579
3578
3578
3578
3578
3577
3577
3576
3575
3574
3573
3572
3572
3571
3570
3568
3568
3568
3566
3566
3565
3564
3563
3563
3562
3561
3561
3559
3559
3558
3552
3550
3550
3547
3547
3547
3546
3545
3544
3544
3544
3544
3543
3543
3542
3542
3540
3539
3539
3538
3537
3537
3536
3534
3533
3528
3528
3528
3525
3524
3524
3523
3522
3522
3521
3519
3519
3518
3517
3516
3516
3515
3514
3514
3514
3513
3510
3509
3509
3509
3508
3507
3506
3506
3506
3504
3503
3502
3501
3499
3498
3495
3495
3495
3494
3494
3492
3492
3491
3490
3488
3487
3487
3486
3485
3485
3485
3485
3484
3484
3482
3481
3480
3477
3476
3473
3472
3470
3470
3468
3468
3466
3466
3465
3465
3463
3462
3462
3462
3462
3461
3460
3460
3459
3459
3458
3456
3456
3456
3456
3453
3452
3450
3447
3446
3445
3444
3444
3443
3441
3441
3440
3440
3439
3438
3437
3436
3436
3434
3432
3432
3428
3427
3427
3426
3426
3422
3422
3421
3420
3420
3417
3417
3416
3415
3414
3412
3412
3409
3409
3408
3407
3407
3405
3405
3405
3401
3400
3400
3399
3399
3398
3397
3397
3396
3394
3394
3394
3393
3393
3392
3389
3388
3388
3388
3387
3387
3385
3384
3384
3383
3382
3382
3382
3382
3382
3381
3381
3380
3380
3376
3375
3375
3371
3371
3371
3370
3370
3369
3365
3364
3363
3363
3362
3361
3361
3360
3360
3359
3358
3356
3356
3355
3355
3354
3354
3354
3352
3351
3349
3348
3346
3346
3346
3345
3343
3342
3342
3342
3342
3341
3340
3338
3338
3335
3335
3334
3334
3331
3329
3328
3327
3327
3326
3325
3324
3323
3322
3321
3321
3320
3319
3318
3317
3317
3317
3316
3316
3314
3314
3313
3313
3312
3310
3310
3310
3307
3306
3305
3304
3304
3302
3301
3301
3301
3300
3299
3298
3295
3295
3293
3292
3292
3292
3292
3291
3290
3290
3290
3289
3289
3289
3288
3288
3287
3287
3286
3286
3284
3284
3284
3284
3282
3281
3281
3280
3278
3278
3275
3274
3274
3273
3272
3272
3272
3271
3270
3267
3265
3264
3264
3264
3264
3263
3261
3259
3259
3258
3257
3257
3257
3255
3255
3254
3254
3254
3253
3252
3251
3251
3251
3251
3251
3247
3246
3246
3245
3244
3243
3242
3241
3240
3240
3239
3238
3237
3237
3237
3236
3236
3236
3235
3234
3233
3233
3232
3232
3231
3230
3229
3228
3228
3224
3224
3223
3218
3216
3215
3215
3213
3213
3212
3210
3209
3209
3209
3209
3208
3207
3206
3206
3204
3204
3203
3202
3202
3202
3202
3197
3194
3193
3190
3189
3189
3188
3188
3187
3184
3182
3182
3179
3177
3175
3175
3174
3173
3171
3170
3169
3168
3167
3167
3165
3165
3163
3163
3163
3161
3161
3161
3160
3160
3160
3157
3156
3156
3155
3155
3154
3153
3152
3151
3151
3151
3149
3149
3148
3147
3146
3146
3145
3143
3143
3143
3142
3140
3138
3138
3138
3135
3135
3133
3132
3132
3131
3129
3129
3128
3125
3122
3122
3121
3120
3120
3119
3119
3115
3114
3112
3111
3110
3107
3106
3106
3106
3106
3103
3103
3102
3102
3102
3101
3101
3099
3098
3098
3095
3092
3092
3091
3090
3089
3088
3088
3087
3087
3086
3085
3084
3084
3084
3083
3082
3082
3082
3081
3080
3078
3077
3077
3074
3074
3074
3074
3073
3073
3073
3072
3072
3068
3067
3067
3067
3067
3067
3064
3064
3064
3062
3062
3062
3062
3061
3061
3061
3060
3058
3056
3055
3054
3053
3052
3052
3050
3050
3049
3049
3049
3048
3047
3045
3044
3044
3043
3043
3043
3041
3037
3036
3035
3035
3035
3034
3033
3033
3031
3030
3030
3029
3028
3027
3026
3026
3021
3021
3020
3020
3020
3018
3016
3014
3012
3012
3011
3010
3010
3009
3009
3008
3006
3005
3004
3004
3004
3001
3001
2998
2998
2998
2996
2995
2994
2994
2993
2993
2993
2992
2992
2992
2991
2986
2985
2983
2983
2983
2983
2976
2974
2973
2972
2972
2971
2968
2968
2967
2967
2966
2966
2966
2965
2964
2962
2962
2959
2959
2957
2957
2956
2954
2953
2950
2948
2947
2946
2945
2945
2944
2944
2944
2942
2942
2940
2940
2940
2938
2937
2935
2934
2933
2931
2931
2928
2926
2924
2924
2922
2922
2921
2921
2921
2919
2918
2918
2916
2915
2913
2911
2910
2910
2908
2908
2908
2907
2906
2904
2900
2899
2898
2898
2896
2896
2894
2891
2891
2890
2886
2885
2882
2881
2880
2878
2878
2877
2877
2875
2875
2874
2872
2871
2870
2868
2868
2868
2868
2867
2866
2866
2864
2864
2864
2860
2860
2860
2856
2856
2853
2851
2850
2850
2850
2849
2849
2849
2848
2848
2848
2847
2846
2846
2844
2844
2843
2841
2840
2839
2839
2838
2837
2834
2833
2830
2830
2829
2829
2827
2827
2825
2824
2823
2823
2822
2817
2816
2816
2815
2815
2814
2813
2813
2812
2810
2809
2809
2808
2807
2806
2806
2806
2805
2805
2804
2804
2801
2801
2801
2800
2800
2799
2799
2795
2795
2793
2793
2790
2789
2788
2788
2786
2786
2786
2785
2783
2783
2783
2782
2781
2778
2778
2778
2776
2775
2774
2774
2772
2771
2771
2770
2770
2770
2769
2768
2768
2768
2766
2765
2765
2765
2764
2763
2761
2759
2758
2758
2758
2757
2754
2754
2753
2753
2753
2750
2750
2748
2746
2745
2744
2744
2743
2742
2742
2740
2740
2737
2737
2736
2735
2734
2733
2731
2731
2731
2729
2729
2728
2728
2727
2726
2726
2726
2726
2725
2724
2723
2721
2720
2718
2717
2717
2717
2716
2716
2712
2712
2711
2708
2705
2704
2703
2703
2702
2702
2701
2699
2698
2697
2694
2693
2693
2692
2691
2691
2688
2688
2684
2684
2684
2680
2680
2679
2678
2677
2675
2674
2673
2672
2669
2669
2668
2668
2666
2666
2664
2664
2663
2662
2661
2660
2659
2656
2655
2654
2654
2653
2653
2651
2651
2650
2649
2649
2648
2645
2641
2639
2636
2634
2632
2632
2629
2627
2626
2624
2624
2622
2622
2621
2619
2618
2617
2617
2617
2612
2610
2609
2609
2606
2604
2602
2599
2597
2596
2596
2595
2595
2594
2594
2594
2593
2593
2588
2586
2586
2585
2584
2584
2582
2581
2579
2578
2578
2578
2577
2575
2574
2574
2573
2573
2573
2573
2572
2572
2571
2571
2570
2569
2569
2565
2564
2563
2563
2560
2556
2554
2553
2552
2551
2551
2550
2547
2547
2542
2540
2539
2538
2536
2536
2535
2535
2534
2532
2532
2532
2531
2530
2529
2528
2528
2526
2525
2525
2525
2524
2524
2523
2523
2522
2522
2522
2521
2519
2519
2519
2518
2518
2517
2517
2516
2516
2512
2510
2509
2508
2505
2502
2502
2502
2501
2501
2500
2500
2498
2497
2496
2496
2493
2493
2493
2492
2492
2491
2487
2485
2485
2483
2481
2480
2478
2476
2475
2473
2471
2471
2470
2470
2469
2468
2467
2466
2466
2465
2464
2464
2461
2460
2459
2457
2454
2454
2453
2450
2448
2445
2444
2444
2443
2441
2440
2440
2438
2438
2436
2435
2435
2435
2435
2434
2434
2433
2433
2432
2431
2430
2430
2430
2429
2427
2427
2426
2426
2424
2423
2421
2420
2420
2420
2419
2419
2419
2418
2417
2416
2415
2415
2414
2413
2413
2412
2412
2412
2412
2410
2408
2407
2407
2407
2406
2406
2404
2404
2403
2403
2403
2403
2401
2401
2400
2400
2400
2400
2400
2398
2396
2394
2393
2392
2390
2390
2389
2387
2386
2386
2384
2383
2381
2381
2380
2379
2378
2378
2378
2377
2376
2376
2375
2374
2373
2371
2371
2370
2370
2368
2368
2366
2365
2365
2362
2361
2361
2361
2360
2360
2356
2354
2351
2351
2351
2349
2349
2348
2347
2346
2345
2344
2344
2340
2340
2339
2338
2336
2335
2335
2335
2335
2335
2334
2334
2333
2331
2330
2328
2327
2325
2325
2322
2321
2320
2320
2319
2317
2315
2313
2313
2313
2311
2309
2307
2307
2306
2306
2305
2303
2303
2302
2302
2301
2299
2299
2297
2296
2296
2295
2294
2291
2288
2288
2288
2287
2286
2286
2285
2285
2284
2283
2283
2281
2281
2280
2279
2279
2278
2277
2277
2275
2274
2273
2272
2272
2271
2271
2270
2270
2270
2268
2262
2261
2261
2259
2257
2253
2249
2249
2248
2248
2247
2246
2246
2243
2242
2240
2236
2235
2234
2234
2233
2232
2231
2231
2231
2225
2225
2224
2222
2221
2219
2219
2218
2217
2217
2216
2212
2210
2209
2207
2206
2204
2203
2203
2201
2200
2198
2197
2195
2194
2193
2191
2190
2190
2189
2189
2188
2186
2186
2186
2182
2181
2181
2181
2180
2180
2179
2178
2177
2177
2176
2176
2174
2174
2172
2171
2171
2170
2170
2169
2169
2168
2168
2168
2167
2165
2163
2163
2162
2162
2160
2159
2159
2153
2151
2151
2151
2151
2151
2151
2149
2146
2146
2146
2145
2143
2143
2142
2142
2141
2141
2141
2140
2137
2134
2133
2133
2132
2132
2131
2130
2129
2127
2127
2127
2126
2125
2122
2120
2120
2119
2116
2114
2113
2113
2113
2112
2110
2109
2109
2108
2107
2105
2104
2103
2101
2101
2099
2099
2099
2098
2096
2096
2096
2095
2094
2093
2093
2091
2090
2087
2085
2085
2083
2081
2081
2080
2079
2079
2073
2072
2072
2070
2069
2069
2069
2068
2067
2066
2065
2064
2063
2062
2061
2061
2059
2059
2058
2058
2053
2052
2051
2051
2050
2048
2048
2048
2047
2047
2046
2046
2046
2044
2040
2039
2039
2038
2036
2035
2034
2034
2030
2029
2028
2027
2024
2024
2023
2021
2021
2020
2019
2018
2017
2016
2015
2013
2011
2010
2010
2010
2008
2006
2006
2005
2005
2005
2002
2002
2001
2000
1999
1998
1996
1995
1995
1995
1994
1992
1992
1991
1991
1989
1988
1987
1987
1986
1984
1983
1983
1982
1982
1981
1980
1980
1979
1977
1976
1976
1974
1973
1972
1967
1966
1961
1960
1959
1959
1959
1959
1957
1957
1957
1956
1954
1953
1953
1952
1952
1951
1950
1949
1949
1949
1947
1945
1945
1944
1941
1941
1940
1939
1937
1937
1937
1937
1936
1935
1933
1932
1931
1930
1929
1928
1926
1925
1924
1923
1923
1922
1921
1921
1921
1920
1920
1918
1916
1916
1915
1913
1913
1913
1913
1913
1912
1912
1911
1910
1907
1904
1901
1900
1900
1899
1899
1899
1898
1898
1897
1896
1891
1891
1890
1888
1887
1887
1887
1887
1887
1886
1886
1886
1884
1882
1881
1881
1880
1880
1879
1879
1878
1877
1875
1874
1873
1871
1871
1871
1870
1870
1869
1867
1866
1864
1864
1863
1863
1862
1861
1861
1861
1860
1860
1860
1859
1858
1858
1855
1854
1852
1852
1852
1851
1850
1849
1847
1847
1846
1843
1843
1842
1842
1841
1841
1839
1839
1838
1838
1838
1834
1833
1829
1826
1826
1825
1823
1821
1819
1819
1819
1817
1816
1812
1812
1812
1811
1808
1806
1806
1806
1806
1805
1805
1805
1804
1799
1798
1798
1797
1794
1794
1792
1792
1790
1788
1787
1786
1786
1784
1782
1781
1781
1780
1779
1779
1778
1775
1775
1774
1774
1774
1769
1767
1766
1765
1763
1762
1762
1762
1760
1759
1758
1756
1755
1753
1752
1751
1750
1749
1748
1747
1747
1747
1745
1742
1741
1741
1740
1740
1738
1738
1738
1737
1737
1737
1735
1735
1733
1733
1732
1732
1732
1732
1730
1730
1730
1729
1729
1729
1728
1728
1728
1728
1727
1725
1724
1723
1723
1723
1722
1720
1719
1718
1718
1717
1716
1715
1714
1713
1713
1712
1712
1712
1711
1711
1711
1711
1710
1709
1706
1703
1701
1699
1699
1696
1695
1694
1693
1692
1691
1691
1691
1690
1689
1688
1687
1687
1687
1685
1684
1684
1683
1683
1682
1681
1681
1680
1680
1677
1676
1675
1674
1674
1674
1673
1673
1673
1673
1672
1671
1671
1670
1669
1669
1668
1666
1666
1662
1661
1658
1658
1657
1657
1653
1653
1652
1651
1651
1649
1649
1648
1647
1647
1644
1644
1642
1642
1641
1641
1640
1639
1635
1635
1635
1634
1633
1633
1632
1631
1630
1628
1628
1628
1627
1627
1625
1625
1624
1624
1622
1622
1622
1622
1620
1619
1618
1618
1617
1616
1614
1614
1613
1613
1611
1611
1610
1607
1607
1607
1604
1604
1603
1602
1601
1601
1600
1596
1594
1593
1593
1593
1592
1589
1588
1588
1587
1586
1584
1584
1582
1581
1581
1580
1579
1578
1576
1575
1573
1570
1568
1567
1567
1567
1565
1565
1565
1564
1564
1563
1562
1561
1561
1560
1558
1557
1556
1554
1553
1552
1552
1551
1551
1551
1551
1551
1549
1548
1548
1547
1546
1544
1544
1543
1540
1539
1539
1538
1532
1530
1530
1530
1530
1529
1528
1527
1526
1525
1524
1524
1523
1522
1522
1520
1518
1517
1516
1516
1516
1515
1513
1513
1512
1512
1510
1510
1509
1509
1508
1508
1507
1507
1505
1505
1504
1504
1504
1502
1501
1501
1501
1500
1500
1500
1498
1497
1496
1493
1492
1489
1487
1485
1485
1482
1481
1480
1478
1477
1477
1475
1475
1473
1473
1472
1472
1472
1471
1468
1467
1467
1466
1465
1464
1464
1463
1461
1460
1457
1457
1457
1456
1455
1450
1449
1449
1447
1447
1447
1446
1440
1439
1438
1438
1437
1437
1434
1433
1433
1431
1430
1430
1430
1429
1428
1423
1423
1423
1423
1422
1422
1422
1421
1421
1421
1421
1421
1420
1420
1420
1419
1418
1418
1416
1415
1415
1413
1413
1410
1410
1410
1409
1407
1406
1406
1405
1405
1402
1402
1402
1399
1398
1397
1396
1393
1392
1391
1391
1388
1387
1386
1385
1383
1382
1382
1380
1378
1377
1369
1367
1366
1366
1365
1365
1365
1362
1361
1361
1360
1360
1360
1360
1359
1357
1351
1349
1348
1347
1347
1347
1347
1344
1344
1344
1343
1342
1341
1340
1340
1339
1338
1336
1335
1334
1334
1329
1329
1329
1329
1328
1325
1324
1322
1320
1318
1318
1317
1317
1316
1314
1314
1314
1313
1312
1311
1308
1304
1304
1302
1302
1301
1300
1300
1298
1298
1298
1297
1296
1296
1295
1295
1294
1290
1290
1289
1288
1288
1287
1287
1283
1282
1281
1280
1279
1279
1278
1278
1275
1273
1270
1270
1270
1269
1267
1266
1263
1262
1261
1261
1260
1259
1258
1258
1258
1254
1253
1253
1248
1246
1246
1246
1244
1244
1240
1240
1237
1237
1236
1235
1235
1235
1233
1233
1231
1229
1229
1228
1227
1227
1227
1224
1220
1220
1220
1214
1214
1213
1210
1209
1209
1205
1204
1204
1203
1201
1200
1195
1194
1194
1193
1192
1192
1191
1191
1186
1185
1182
1182
1181
1180
1179
1179
1178
1175
1175
1174
1173
1173
1173
1172
1171
1171
1170
1170
1170
1170
1169
1169
1168
1168
1166
1165
1165
1162
1162
1161
1161
1161
1161
1160
1159
1157
1157
1157
1156
1155
1155
1153
1153
1153
1153
1152
1151
1151
1150
1149
1149
1148
1147
1147
1147
1145
1145
1145
1144
1143
1143
1143
1143
1142
1142
1142
1141
1139
1139
1134
1134
1133
1132
1130
1130
1130
1129
1129
1127
1127
1125
1125
1124
1123
1122
1122
1117
1117
1117
1116
1114
1112
1112
1110
1109
1109
1109
1108
1108
1108
1107
1105
1104
1102
1100
1100
1097
1097
1092
1092
1091
1088
1088
1087
1085
1083
1082
1082
1081
1081
1081
1080
1080
1077
1077
1077
1076
1076
1076
1076
1076
1073
1072
1072
1071
1071
1070
1067
1064
1064
1063
1063
1061
1060
1058
1058
1058
1058
1057
1056
1055
1055
1054
1053
1052
1050
1049
1048
1046
1045
1043
1043
1042
1042
1042
1042
1041
1041
1039
1038
1036
1036
1033
1032
1032
1031
1029
1028
1026
1026
1025
1023
1022
1021
1020
1018
1018
1017
1017
1015
1014
1014
1012
1011
1011
1010
1010
1009
1008
1007
1007
1005
1004
1004
1003
1003
1002
1000
999
999
997
997
996
996
994
993
992
991
991
988
988
987
986
986
985
984
984
984
982
982
981
981
980
979
979
978
977
976
975
974
974
973
972
971
969
968
967
967
967
965
965
964
963
962
962
961
961
961
960
958
957
955
955
954
954
951
951
950
949
948
948
947
945
940
939
938
938
937
935
934
934
933
932
931
929
929
927
927
925
924
924
922
920
918
918
918
918
917
916
914
912
912
912
911
910
909
908
908
906
906
906
906
899
899
894
893
887
887
886
886
886
885
885
885
884
884
883
883
881
880
879
879
878
877
877
874
871
868
868
866
864
862
858
857
857
852
848
847
847
846
846
846
845
845
845
845
844
843
843
842
838
837
837
834
833
830
830
828
827
827
826
826
819
814
813
811
811
809
809
809
807
806
803
801
801
801
801
801
800
798
797
793
793
791
791
791
790
787
785
784
782
780
778
774
773
772
772
772
770
770
770
770
769
768
766
765
763
761
760
759
758
758
757
755
754
751
749
749
747
746
743
741
740
738
737
736
735
735
734
734
734
733
732
732
731
731
728
728
728
727
727
726
725
724
722
722
722
721
719
718
716
716
715
715
715
714
712
711
711
709
709
708
707
705
705
705
704
704
695
695
694
693
693
691
689
689
688
688
687
686
683
683
683
682
682
681
678
677
677
675
668
668
666
665
662
662
661
661
659
658
657
655
655
655
652
650
650
648
648
648
645
643
642
640
640
640
638
638
637
637
634
632
630
627
627
625
624
623
622
622
622
621
621
617
614
613
613
611
610
608
606
606
605
605
605
599
597
596
596
595
593
592
591
590
590
590
590
589
586
583
583
582
582
581
580
578
577
576
576
574
572
570
570
570
570
569
569
567
567
566
565
565
564
563
563
561
559
556
555
555
554
553
553
552
552
551
550
549
548
547
547
547
546
542
541
540
540
540
539
537
537
537
537
536
536
536
534
533
531
530
530
530
529
524
524
524
522
520
520
520
519
519
516
516
516
515
514
514
513
512
512
511
509
508
506
506
506
505
505
503
503
500
498
497
497
496
496
496
496
495
494
493
492
491
490
490
490
489
488
488
488
488
487
487
487
487
485
484
483
483
483
482
480
476
476
476
475
474
469
468
468
465
464
464
462
461
459
459
457
456
455
455
454
453
453
449
449
446
445
445
444
443
443
440
438
437
434
430
429
427
427
427
426
426
423
423
423
421
421
417
416
416
415
414
414
413
412
412
410
409
408
408
407
405
404
404
402
402
401
400
400
400
398
397
397
397
396
396
395
395
393
390
385
384
384
381
380
379
378
376
376
374
373
373
373
373
372
371
371
370
368
368
368
368
367
366
365
364
364
363
363
363
360
360
358
358
358
356
355
355
355
355
354
353
351
350
350
348
348
347
347
342
341
341
341
340
340
339
338
338
336
334
334
332
331
330
326
325
325
325
325
325
325
324
323
318
316
315
315
315
313
312
312
310
309
309
308
308
307
306
305
305
304
304
302
301
301
300
298
296
296
295
295
291
291
290
290
290
289
288
288
287
284
283
281
280
277
274
273
270
268
266
266
265
264
263
260
260
260
260
259
258
258
256
256
255
255
254
253
253
252
252
252
252
249
246
246
245
244
243
243
242
241
240
240
239
238
236
236
236
234
232
232
231
231
228
225
225
225
224
223
221
220
219
219
214
213
211
210
209
207
207
206
204
202
202
202
201
200
199
198
197
197
196
196
196
196
193
193
189
189
188
188
186
185
185
185
183
183
183
183
182
182
181
180
178
176
175
174
173
173
171
169
168
168
168
168
167
167
166
166
164
164
162
161
161
160
160
158
157
157
151
151
151
150
150
149
149
148
148
146
145
140
139
139
138
138
137
135
134
134
134
134
132
132
131
131
129
129
128
126
126
123
123
123
120
119
119
119
118
117
117
114
114
113
111
110
106
106
103
103
102
102
100
98
95
94
94
94
93
93
92
92
90
90
87
86
85
84
83
83
82
82
81
79
78
77
76
74
74
73
73
71
71
70
70
70
68
68
68
68
68
67
65
65
64
63
63
63
62
62
60
60
60
60
60
59
59
56
55
54
54
52
48
48
46
42
41
41
41
38
36
35
35
35
35
33
33
26
26
21
20
19
18
16
15
14
11
11
10
10
9
9
7
7
7
4
0
