10000
6504
4601
7478
2270
6287
2719
4497
3834
6398
2810
6136
6491
469
2105
8158
6530
7995
6023
4890
3923
7486
5859
3864
8544
792
3108
600
9128
1500
4017
7488
292
2786
2416
195
5626
9112
2327
6119
1637
1783
4430
2019
8173
520
2066
2140
5819
1922
3113
3930
9731
998
3838
5712
2400
3754
9605
9603
4882
7273
5193
3376
7221
8672
4382
6976
3954
5847
4486
2963
9880
1037
6519
5290
4605
2869
5830
7498
1742
3796
1188
9671
137
7592
2547
3313
9985
5935
9027
4681
6280
4015
8985
39
5699
2568
3506
814
720
7763
3096
2699
6528
998
4935
353
2119
7772
4647
8577
6881
8558
2222
1549
7893
4869
6452
4065
1213
559
6055
2564
2491
1800
8513
9190
8380
9168
9590
9126
455
1778
7439
4
7577
6525
5326
2331
996
5131
6038
1541
8876
7932
9266
5555
3363
6110
466
6536
3861
3427
6010
1900
4743
4433
4798
7593
4366
8566
916
6137
4975
8635
5432
3013
9841
7730
7953
7588
4811
792
180
8960
6333
5784
4385
2877
6994
4688
9449
3168
2599
6399
5919
21
1917
2000
9388
7890
1367
7865
8442
7782
2101
3574
9381
2278
6234
9718
4996
6744
2274
5346
8774
6883
7228
5983
9098
1043
4287
1000
214
5484
528
3381
8071
2216
8643
5919
9485
1935
356
5291
2486
9094
6880
9503
4231
2220
3550
4820
374
194
1583
5423
6430
4422
9822
2764
7320
7562
3266
1889
6025
1792
3209
8814
6092
3492
5896
6488
5573
6617
2731
6802
1918
4094
5306
2678
8317
5084
2751
7333
2057
6127
7265
7498
4539
5832
6064
3587
798
6068
4450
2564
3602
7392
5200
8658
3501
2846
4091
2930
1545
2200
9970
5201
5846
8189
541
873
6618
7398
1748
751
6882
1039
9522
4185
7650
5089
7502
4500
7051
4964
3322
1031
2623
7275
9086
3880
4781
30
8680
5947
7328
3144
5793
1747
7811
3063
1634
4051
6508
8922
683
7508
7867
2756
6080
3035
2352
2971
3688
8000
9813
8562
5305
5009
7721
1336
7011
6438
8937
4821
8247
2768
4012
1441
814
264
2474
4066
4744
7545
6010
4111
9714
1210
4022
5946
6529
7838
8643
6639
3092
3394
1967
724
3224
1360
2993
2075
4719
7769
5566
8787
5102
4694
1476
2440
9706
3757
4803
112
6860
7726
4544
6060
9298
1372
2670
143
9174
2422
3813
1717
6504
9659
990
1012
7286
8008
8998
4801
8076
9775
3418
9553
8381
7150
8517
3183
855
3519
1764
6066
2021
180
6181
2970
2974
655
4257
259
379
6947
8822
6870
2944
809
6887
3320
7541
8367
2257
341
2113
8309
1463
7572
9635
2235
5471
3231
8519
746
6514
7642
36
379
5396
7093
2646
4600
9667
9604
6410
6710
7169
886
8074
3748
2635
7028
8864
8262
7261
240
2553
9163
2454
5392
935
3768
9349
7994
7488
643
5085
8792
7707
6856
5319
6196
6365
3870
36
5403
7786
3440
6277
2258
5101
8637
7120
635
8414
5355
967
4471
9847
6551
8990
9421
5457
4836
1456
4564
239
9041
5575
1599
2547
6882
8486
7508
8614
8979
9069
6816
6120
9097
1368
1258
8187
1754
578
7906
5615
1067
9804
1637
5706
4100
2083
4196
588
7849
7522
42
6598
1506
9842
8672
9006
4635
93
4181
3093
7534
7852
5449
3467
2173
1836
4522
8359
855
2531
6514
4618
5002
9173
1676
2137
8329
2223
9153
3513
7080
327
2370
5894
4949
7686
8034
7182
1876
3746
4242
7997
3970
2167
8381
4169
6490
130
2132
1916
3037
2231
9184
9279
1872
5448
1069
2972
4646
2939
7888
9316
3722
4831
3660
1621
1741
3543
520
4053
1124
9715
2051
3802
1782
2308
3674
9201
2495
3125
7187
1335
5094
1598
7332
624
919
480
542
7902
5823
6865
9934
1575
3430
5796
6024
8595
6320
5677
9665
7190
1326
5682
2252
3550
8270
5393
8393
3016
1066
6005
7895
8684
6386
657
7211
6824
7841
8599
5272
9015
2990
4308
5020
5456
6377
7918
9906
2609
4304
7860
4099
978
6036
0
6231
5631
1766
178
9125
2893
9805
8635
2144
1524
4194
5480
8553
5663
9216
6116
7592
9822
9119
4305
9842
3310
9794
8452
4909
2597
4104
3573
2441
5342
4085
7436
1071
9063
1377
4377
4994
779
1838
4439
4584
1324
1586
8626
5709
9509
9422
3320
2198
6795
5009
8195
7334
2767
3029
2337
3129
5289
1033
2688
687
6964
2756
7431
1005
1280
9217
4469
3181
7637
7118
1779
6212
4364
7773
2078
1293
2786
64
8989
3850
3401
7776
5680
8428
7337
5086
9826
4980
2367
3919
659
2106
3001
3459
4847
1373
8412
5147
8017
6940
293
6216
7830
6446
5145
977
2684
2329
1944
1899
7384
7582
6630
1835
3387
6329
9496
4680
6611
7528
127
4216
212
9633
7313
9901
3221
5077
8071
4009
8483
6116
778
6627
4959
7707
2298
3787
96
8885
7929
9258
7755
1402
6034
2387
5939
3276
6292
2786
6452
5322
1638
7613
5536
758
9177
8766
516
1535
4630
5364
2539
163
8178
1567
9599
2500
6991
1022
7209
5222
1155
6967
6341
1502
5255
1410
9512
9818
7434
7683
6299
3719
1394
8149
8968
4923
4510
2883
7374
8137
7010
5724
9883
3661
2976
1267
3627
2995
3837
91
3103
3436
8973
9776
875
9960
6063
6139
7906
6570
5891
2507
3928
4718
2479
4822
187
3412
9590
6902
7866
4200
8962
3294
5556
4334
3898
6780
8244
3104
4303
3860
8479
9597
5645
4282
7582
4944
4886
57
1104
8494
986
5301
8057
5291
6221
701
7903
1744
7279
5470
2749
7422
1850
5207
4751
3567
7264
6274
347
3063
2620
6005
3599
2396
4810
3347
683
3422
1845
6378
6341
1654
3992
1557
981
8209
4354
4538
4042
4565
5739
3902
5209
2839
9935
7257
135
9425
8825
3830
1410
6512
4187
8879
8729
4284
4459
3032
4397
6361
2286
4037
1665
2492
6229
9273
3697
5375
3671
4877
441
3043
9655
1353
9123
4279
8155
6137
1654
2167
8116
748
8859
75
6481
3872
7074
5116
4402
2010
7444
6438
813
6171
2003
9593
9657
6497
3529
3654
3186
6669
8036
4758
3956
6499
9802
8316
2415
4179
8856
2269
5298
9338
9947
5441
2468
4272
220
8295
6243
3498
42
8239
7822
1113
7727
7951
9974
1376
4257
3203
3791
379
8546
6094
37
5703
7251
726
2361
6585
5703
938
506
9221
8138
3940
6508
626
6072
9413
5845
9676
3417
969
8534
5869
5714
5739
2212
4708
8743
8298
416
3600
8673
7136
4476
3694
1914
5444
6672
1164
7880
3128
5693
6131
1974
3629
2762
8602
9296
7392
8308
8614
1798
3656
4530
2113
2916
3576
8831
4986
4058
670
6684
5167
6781
9056
257
6738
2932
6016
837
575
2619
3064
8974
3212
6461
8868
6106
9349
4254
8130
5432
3693
6923
2853
7781
4667
2419
6292
316
5951
9109
5330
2072
1760
2091
4012
492
8312
8889
9555
7442
7052
1004
2252
1477
4813
6940
2403
5532
2362
449
642
5694
5530
5037
2847
7180
2491
2012
7200
8272
6640
4767
8899
1566
7025
6371
7537
4639
7281
1068
3198
8952
9651
2794
1
6682
2793
5467
9941
61
837
460
5702
6714
6405
6398
8363
7584
2169
5249
4860
1018
3933
6491
445
7824
3178
8122
3431
7225
8567
9203
3058
2991
3980
3729
6439
2275
5317
9689
7237
7150
9541
382
6985
230
7179
7279
9768
1334
3893
5013
2349
1689
7602
9460
4803
5829
5122
9269
1157
9065
6328
9729
5682
131
4437
5353
8034
4485
8154
4220
9668
3600
5163
2769
4714
9565
6720
4465
775
2302
9952
9585
9027
8822
7864
6194
8412
51
7052
4352
5729
982
9625
6535
2004
4172
8947
7320
5604
4934
8476
4520
4316
8965
9184
2069
1795
9599
3831
2261
8653
2411
5715
1200
4804
9461
5422
6685
7643
4105
1574
2215
111
32
605
4214
3800
4924
6199
2217
4844
9984
1159
3271
4549
1457
3234
2566
2467
9240
1667
1990
6925
681
3122
7119
6910
4748
4023
1025
9630
2906
1308
191
101
8219
5165
3821
2645
3495
5378
2871
9336
2581
7581
9253
7099
6360
6956
8820
3441
6397
4664
3997
582
4750
6668
3192
9160
8017
5499
4527
5598
7329
3006
799
1731
3721
6135
1116
1367
66
8407
2167
6070
6599
6917
8721
1643
6933
8362
8603
7541
5444
7960
2148
3777
4916
1886
9919
3725
5394
7322
5358
6696
1369
4162
928
1156
4605
8943
7323
8001
4184
4682
5363
3462
3689
9943
9285
2881
7819
6702
8343
9851
7199
9322
836
41
669
6339
1018
5393
8892
2646
4664
2323
1798
2118
3527
7048
5053
9797
2379
2246
7537
8303
4903
1870
2623
5335
6284
5122
957
7819
1059
6354
1389
3564
4482
4980
9718
3105
4488
8346
2003
2864
9195
963
321
5684
1796
5486
4082
6353
687
4418
9243
7817
7731
6612
1139
8461
1662
9356
3985
2014
6805
5075
1621
9478
9533
1484
9533
6758
6173
5419
7798
2649
6436
3511
8238
9243
5877
7354
6759
891
9367
6909
3629
8453
5109
3484
287
2688
5348
2841
1152
4405
5606
9727
2857
9252
8970
7433
1370
1862
5828
9873
9520
7510
2228
9105
3600
9362
2038
8226
7930
5991
9009
8136
516
6855
4925
6777
1279
3176
9132
1178
6726
7789
2897
5847
1380
397
9305
5899
6812
3953
5682
9660
3680
3833
902
3456
865
3910
4368
767
8434
2700
6924
9001
8003
8322
6515
9796
4826
3179
3040
2895
898
8005
7467
9446
7268
170
85
7851
6795
3026
1503
4190
5656
1438
7901
9679
3061
3661
8964
9617
3829
1216
2895
1845
7750
6540
7972
7875
2992
2842
4213
6525
8195
1793
1893
8146
9360
2499
5895
7364
3145
9520
6163
3601
7783
8621
4908
1619
6443
6411
619
8790
5607
4051
7433
1901
2759
5825
5962
3898
3536
501
8284
186
8388
7156
5484
4825
2734
7403
857
9320
2613
2808
5702
527
9953
9708
7475
9687
7647
3587
2016
1565
4921
1714
2524
1252
7659
5852
8038
6313
6756
6482
3254
3661
9897
6224
9716
3760
8670
2920
5635
9616
3404
2179
7891
4361
2710
5099
5147
9186
3354
9358
5412
2877
8799
879
4885
5284
1490
8898
7457
9652
4839
9400
5870
2981
5700
610
6177
9268
7128
9530
6936
7866
4212
329
3299
8027
2844
3823
4089
1141
2444
2249
6831
4211
8871
5060
1712
1642
2985
9572
492
7548
3705
4955
499
7500
1743
9275
7000
6849
1712
7077
9510
2610
5754
9342
8856
7246
1489
8579
2218
5631
656
9249
2754
994
2585
7788
8936
1685
8352
7056
6246
8252
7349
7235
510
9478
7850
8890
7808
6829
7145
4193
655
9016
4802
9181
3919
2305
4716
3291
6822
7620
7747
2425
9304
2486
6932
8280
1972
4442
1561
9839
8968
2651
4692
2514
2146
6164
1123
6696
3150
505
9238
226
7218
9084
716
8671
8832
2319
6632
3157
4695
5282
7147
8030
3941
4178
4662
9616
8972
3063
7121
2956
2867
4785
8926
5548
905
4369
1861
5862
4442
8781
7363
9658
5094
4356
4480
8989
5997
2009
4974
7192
4757
838
8120
8118
9647
2678
3008
9413
6578
3780
5372
7720
9426
4867
9356
8375
414
7551
1961
3354
406
3318
9418
9032
1233
1116
231
9645
3432
959
9202
3282
3185
3880
424
4655
1619
3108
4905
2996
8172
7359
259
3962
7218
4798
5748
1616
3806
5396
5825
289
10
171
9306
6374
8137
8100
9295
6975
843
5389
1099
5732
1040
7204
1463
6125
6457
8993
2712
9076
4629
3053
9622
4766
4218
6183
5177
8271
7600
5895
3778
4801
7906
5936
6897
3122
868
6695
6721
5119
8178
2422
7867
5313
4392
5142
5952
6651
3850
4657
4433
7918
7569
5061
7974
3704
2619
855
1367
22
8076
9924
7962
7398
2372
6389
508
8541
6543
3650
310
9517
6703
6851
7719
1813
6949
4387
8070
7596
772
116
2435
2022
5109
1482
1791
4577
6146
3884
6544
6024
149
8328
758
8830
5749
7629
1863
6655
6339
6276
2152
2886
2558
407
7974
9085
5180
7326
6121
1681
8167
8465
4672
9292
114
5768
7285
3644
9871
9103
5774
4213
8752
1495
5685
442
7381
9724
3573
5666
9999
156
2660
3715
2824
3526
5660
2595
5948
7872
9692
9595
140
5777
8402
8709
949
682
700
4365
2527
7119
3816
5098
2708
1442
811
7043
9056
2850
9103
9882
2825
9346
7099
7244
4090
9618
602
9471
6633
9790
9310
9105
5646
3493
6413
8510
4734
4751
1083
4634
1323
5835
4461
8064
1110
6392
4662
2262
2942
5933
5241
4134
5190
9082
4621
8953
3513
1831
1020
1053
7759
7531
8602
6668
2677
3312
5739
6856
3093
1221
5575
6516
9258
3464
2384
169
2196
7854
4629
6412
2032
7797
7072
707
4531
986
9801
552
2385
2324
1628
7941
8122
9557
8951
1542
4959
4588
8882
5010
404
9514
7192
8484
4933
4050
7484
7442
4726
205
7878
6849
3077
799
5447
8761
9859
767
6667
8461
2200
4030
4223
7545
2415
4179
6657
2399
1132
4222
7534
3009
4556
9181
5107
153
4871
5482
1734
8684
1860
2767
4756
837
2031
6979
6953
6253
8752
8433
5234
4800
3212
4924
790
4130
1361
7878
2591
6435
6445
9051
8796
7838
198
6358
7435
9520
8328
16
8524
1765
7536
4391
4699
907
1986
6695
6385
4365
6867
988
536
875
5504
4795
9087
1371
4331
6140
4357
979
6946
742
3900
4104
4492
2723
6515
2697
4606
7288
4509
2424
5344
532
4644
2716
3616
9774
1716
4422
9933
7643
4164
3165
2554
4508
749
7396
4477
6789
951
7609
6168
3189
9428
7209
5362
6946
6694
6149
2870
9835
3952
5567
9904
2835
9933
5415
8112
9147
1570
7321
8260
7520
8292
1805
7293
7775
1882
2339
6359
5809
9914
8761
4320
2399
1035
9026
2250
8650
4610
1430
4463
1109
5572
9066
745
1211
7723
4503
2624
6997
5187
5455
3735
9855
2216
1576
676
5420
6153
8385
6068
5682
6994
6840
9978
8888
9668
6070
9367
4861
1974
2420
7716
6001
1889
59
8680
8418
2894
7192
8200
3396
4901
7131
9329
6704
1384
5391
2745
2150
395
2324
3856
6213
8306
5830
4273
2575
289
175
1442
8967
855
5059
5271
3850
1069
3747
4681
7141
6456
269
226
7455
1106
3501
1094
8149
8932
278
6188
5821
2696
593
9264
7862
4984
5411
7579
169
3090
1665
1979
2170
1463
9587
3884
3968
1270
4694
1263
9572
6461
455
1363
959
9726
7980
2670
3
9715
5871
2412
9202
2995
6832
8744
7574
347
7562
8705
5069
7222
5028
4004
7444
2431
5278
6749
3652
7489
625
6351
9492
1406
7269
6990
4517
2189
8174
2285
4013
6839
5393
102
4250
6182
1927
5794
7110
9550
5679
6585
9751
7009
7093
3318
5988
3599
7674
8308
8707
907
8727
9666
6848
6145
8387
3141
6196
7897
302
2254
569
698
9142
6286
8870
7690
6563
3575
3873
1747
6184
4463
664
670
7700
4254
6181
1296
8328
1568
6459
732
4443
1596
4836
296
7503
6946
2671
9195
6119
985
3905
505
481
9900
6189
1590
6270
46
4246
4747
2635
6587
5618
1545
2876
7922
5039
6126
7033
7912
1274
8549
2777
4576
9477
9150
4693
9567
2865
8843
2342
7480
9805
8323
4320
7854
6317
1192
8973
5587
9411
2173
2341
7398
3683
1807
508
2964
2169
3248
6563
9415
2577
5164
2089
6964
1704
7076
9275
1644
4091
9984
2571
8336
5811
5604
8106
3594
622
2133
5041
3129
3692
3120
5469
3216
7576
8688
8516
8806
6221
5162
9909
3660
5368
9947
394
9418
1932
3433
5169
1228
694
8622
1716
7246
3925
2217
5305
8167
8492
7981
9836
777
5372
4313
6657
6433
8556
3202
5531
1412
3849
6991
11
1051
3239
2684
4161
3773
7150
978
8760
4223
5195
8582
2920
7004
5814
7982
1394
3788
6603
8323
8760
6938
35
4765
9128
2201
3817
1360
4062
1530
1162
4261
2001
4629
3894
7916
9615
4418
491
6770
9260
7325
1934
8991
6980
4004
518
6707
2343
9900
689
9366
4807
7952
6385
2937
1297
7621
6380
7892
6176
5452
7682
3192
7935
2381
7165
1789
6530
2171
3317
5585
1565
3465
3211
4241
4274
5246
4653
2715
5601
1743
9811
7031
8609
8213
4587
6393
5884
3435
7485
2472
1669
8257
2793
3473
4029
2064
5529
1396
4532
660
9798
5817
1624
9741
7929
6465
9184
7830
5113
9884
3587
1414
3117
2549
986
2800
7088
3962
1528
8211
1485
8434
8739
9572
4703
3550
398
8509
7127
6629
1898
5199
3993
7892
4291
7864
2738
505
7019
969
4284
3173
9671
1436
9118
553
7994
2603
1952
392
6893
5038
3235
3995
7162
1818
1898
8407
3291
3445
1281
4516
6853
4159
9429
5172
3694
7097
5675
1382
3441
481
7737
2663
6664
819
7453
9682
8476
1950
8688
3513
7285
709
7991
5974
3965
962
7093
9852
9825
7806
6511
6076
1367
2855
1180
7366
6094
9689
2309
4270
6385
5796
4446
82
7801
3626
3152
5669
4109
8731
6582
3890
3758
7416
3795
6016
1600
9772
3689
9295
5227
6549
1053
5657
7460
9913
451
6437
5244
8820
4381
6962
486
9459
9481
7847
231
37
3412
6939
1952
7032
5526
6985
4731
6938
6375
9308
8616
3568
4731
3039
2564
5968
5877
2786
5996
6156
1652
5011
252
9040
952
4846
4003
9126
9221
589
1001
9914
6855
2707
9497
2253
9346
7815
93
7328
6531
5804
2836
8472
4358
54
4984
3508
204
6512
7981
5972
1985
7284
5944
9204
2037
8372
8240
2073
9058
9191
5542
8865
5305
3570
2217
8743
1637
8107
7819
2106
33
3942
7028
2162
1764
2269
450
82
9525
2256
8365
1199
3519
2431
5723
7917
4755
3024
9473
2194
3599
7321
8659
6808
8049
4606
3614
9921
4089
5961
3082
1945
9
6870
7081
7124
7647
7348
8976
4880
6115
1152
2341
7498
7772
513
6931
1470
1968
1789
3373
9504
9373
462
8011
9035
8607
967
7769
908
7317
8003
9859
8863
1840
1159
2677
6403
3168
3977
2366
2688
2054
1894
4141
3227
2790
888
8711
4279
3426
131
1926
2141
36
7449
102
9780
3998
5977
4391
3648
4195
4048
5047
2913
555
8031
466
1853
1405
9649
6447
3701
4746
5085
8335
826
2730
3117
2365
1830
9406
3459
2864
866
4078
4500
8769
8279
6511
1727
6362
4542
5680
4255
5073
1369
716
7077
9739
4895
1309
941
5808
5839
4930
76
3634
687
9935
372
4223
6110
6859
7099
1583
6068
5022
1750
6162
7337
7969
2169
9794
4568
9148
8787
5006
418
8820
2475
603
9763
4156
6304
1034
9559
7205
4320
9183
7532
9520
5344
996
3552
8047
8764
5568
7266
4139
2285
6234
4391
6498
8714
6568
1913
9222
9967
165
9350
8184
1714
4655
9257
2505
1340
8444
5168
3041
5210
3366
9294
6448
8655
7641
5475
1691
3525
1318
5106
5641
3673
731
5077
5795
8326
9391
7098
1100
6938
235
7245
6342
6816
8152
2998
1655
6592
2328
2644
6304
4431
5098
8490
5110
9761
7722
1020
6612
1282
3771
5870
4396
1999
7669
9289
6896
4120
9340
605
6388
2823
5877
2166
4937
8052
7691
8177
3593
7821
9680
3945
1266
4800
7629
6098
1408
362
6273
2590
7870
6734
8225
8473
6130
8396
2330
9752
2441
8454
5912
3005
1427
4378
7836
2844
2110
166
8379
2809
3456
8792
7439
7823
3128
9617
4842
7936
7332
311
5156
3794
5414
1850
4762
3965
129
8083
744
3077
3444
8530
9574
7581
8127
4156
8557
2871
7398
1095
4505
1483
8485
6558
2221
7143
1033
4506
50
3538
8043
6025
925
9880
5216
840
5175
7537
4448
1891
5672
3333
8560
4482
6811
5461
7294
5160
6294
7388
9122
3189
2718
3615
9474
9241
2558
8692
3590
1766
7297
7531
1450
1385
5186
679
2919
7626
2389
3019
3615
305
5100
8108
5853
9981
7673
3242
4460
8005
1719
2276
4283
6934
7701
4198
4734
6317
3633
5500
6885
7210
5153
3512
293
1153
7459
6042
9979
5810
2383
9884
8836
9989
3219
7073
7062
5324
5829
3114
8218
576
7040
5842
953
7170
340
7060
6542
1398
4517
1647
5003
9517
3018
425
6720
6874
538
3781
2307
1151
8621
2748
697
2822
3913
3049
4370
3031
1109
5493
1043
182
7605
3011
3165
1812
8402
608
99
7516
7905
9582
3041
2074
9918
1436
9370
5290
8355
108
1410
6527
8967
3373
4375
7436
6747
5566
9671
5942
4558
4144
2631
8220
6017
2018
8311
3073
9707
6086
4982
4907
2353
9939
2631
7323
5805
5315
2952
9240
6338
2574
8035
9414
5116
5171
7339
3240
5453
6937
6338
7812
5983
3807
5725
7329
8747
3590
7032
1182
7804
8322
9102
1291
7014
3845
9956
3607
5352
308
323
1078
4276
5509
8314
1851
4512
204
9556
6963
8913
812
3491
6408
4001
328
4442
1050
5241
2643
5608
606
141
8985
5158
4659
8873
7741
6263
4513
4257
515
7073
8573
1676
7961
2401
2912
4778
8683
6197
1678
4650
3249
2763
9102
8591
3282
5112
5985
9533
2468
856
8772
8742
2333
9594
8555
2485
694
888
723
8040
4768
8600
3323
5629
4136
5620
3681
633
976
2838
8344
4810
6278
7568
969
6137
1103
9598
6453
4360
1420
7516
7284
3382
3468
4049
9856
2211
4211
6768
4354
3341
8008
9692
1657
1167
6335
2105
4715
3322
2107
3173
9831
4652
3961
4872
5381
6984
8708
1133
1649
7766
2109
8149
5647
7255
9085
9317
9061
6955
4554
8459
5807
1719
5163
6609
8050
4128
400
941
6021
2536
8756
9211
7459
3534
962
9453
7104
5481
7627
2648
5303
2221
3089
5529
7487
5155
727
1801
3070
7397
7552
2658
3113
5951
7520
1659
1029
6514
3644
4812
9525
837
8765
3985
30
8395
3608
677
7895
2532
8627
7600
7837
6227
3047
7531
9272
4143
532
2467
469
5734
5922
1215
3778
8831
1609
282
1576
4355
5299
1136
4040
582
3135
6758
5359
9746
3456
1760
4594
647
6842
3305
1026
8432
7492
4531
1530
6728
9492
8299
9310
7914
9076
6654
9125
4470
574
627
4045
8069
9451
5714
2740
3347
533
724
4309
156
3353
1539
9723
1487
9398
6767
5152
4239
7947
9290
2573
6533
8200
6254
7401
8370
5439
191
1146
2093
8053
5637
9562
5325
480
8870
3132
1850
4291
3219
7323
5234
6006
8736
4578
5914
5539
3009
8664
4921
3634
9354
4718
6477
103
9720
5081
7263
7264
2248
1846
2337
4555
7620
1940
6401
1000
4094
9520
4374
1910
8420
3462
7123
5042
8729
4831
6543
9257
5900
338
9229
5668
1943
3002
9442
7253
7468
509
209
7945
5474
5083
6053
6336
5340
6083
2047
2298
9183
7983
1696
7058
2555
1929
476
8576
2818
8619
2784
4416
1490
3934
7504
3745
1342
6412
1450
8563
5106
7446
525
1833
262
923
5603
6775
3589
8894
3850
7274
9887
3843
6502
4077
1603
6110
954
5272
9991
7142
8399
2381
3834
5353
8289
5328
8800
1598
7336
552
9038
5537
3959
6547
2764
2477
8658
254
5270
2686
7087
5880
6047
1633
5320
4980
1504
106
6201
2911
1195
7763
1546
2144
3328
2295
7440
7343
4914
9095
8924
605
2916
3094
5926
7795
5412
5254
4499
8532
5978
1089
6096
3061
242
7572
2937
8959
863
7762
9340
9452
6102
9596
7326
2950
7535
6420
9740
362
4529
2047
5697
2719
6598
2381
1250
6679
9935
9000
2813
9623
1078
7456
2130
9190
8929
4534
9326
4381
6153
4206
4953
6599
2375
1607
2839
9427
4518
8004
3003
5298
4125
7425
7974
5757
7597
7396
6394
9520
2873
2050
4995
9173
5287
5776
3721
3015
6087
9518
9069
3292
9420
9877
7570
5864
7439
3210
4723
9209
8667
3099
4694
2589
1714
9749
2582
4200
5046
4154
4201
164
3601
8169
7945
4339
4751
4076
9543
7090
9357
3619
3284
8421
8491
7062
2653
7133
2746
7359
9214
3067
9032
3186
1035
3892
9229
7308
1031
1398
6142
3471
1126
4801
4840
5900
366
160
1630
335
3768
5720
8689
4499
4041
2678
9677
8927
88
9727
541
6145
4684
7532
151
7343
8618
6270
7419
880
187
5325
5110
6246
6978
9278
5678
408
1564
8442
1175
889
3936
5399
7479
1358
1294
1162
2978
1050
163
5973
3134
8896
6697
25
5381
6892
8515
8883
3242
4954
5446
6827
4652
1247
7150
8912
7088
7829
2749
9129
1305
1340
1306
7749
6218
2404
2301
5656
9789
5457
2061
7260
4665
2765
5557
6483
2728
2565
2893
2175
9755
1450
6409
376
9907
5389
7361
810
9944
2111
829
4180
4696
9964
3727
4961
8628
4826
3548
1632
3105
7153
4845
2611
5371
5833
6353
1484
3177
4160
4120
9568
8507
5941
5054
7321
4903
6524
886
8675
5539
4364
4712
3951
3351
3619
992
7731
309
7259
5174
7755
224
3154
940
9742
8357
2701
1511
878
1523
2698
6381
1644
4433
6371
6411
1642
1510
8719
8301
128
8602
4704
4105
6067
5686
6154
2704
5705
9880
4762
7893
7883
7957
4023
2126
8631
8857
2585
5843
6911
9698
5083
9785
2843
3249
4278
1735
8199
901
40
9709
6519
2819
6597
812
6801
6109
9317
8634
411
2623
6283
2419
5568
326
7902
8019
7578
6009
9913
4094
5852
2605
1259
6983
647
1337
8514
4179
3488
7504
2836
9487
5240
8846
3707
2531
4950
7100
6163
1585
707
6623
4633
1391
1058
8775
7044
7061
1773
7118
7423
993
8120
6447
3867
2269
7270
8146
1467
6973
8886
5454
6525
3512
4545
4828
9243
9158
8213
3791
6961
2752
712
1413
8955
3795
803
4873
6849
2
4358
4425
1754
3799
913
9553
408
3204
3849
1078
7779
4091
6412
7555
2871
8906
856
9418
7800
1580
2068
1044
7605
9583
252
9116
9697
1886
9451
5519
7394
5893
9994
4374
1544
7353
3334
5715
7895
4716
7133
2887
5568
3427
6973
6727
3773
6268
8587
7294
9710
2976
1148
3037
519
6142
7798
8084
6077
619
4354
647
7468
566
923
9380
8028
1625
4015
14
16
5717
8673
1563
149
2473
1115
9968
1544
4409
2450
7176
7881
2619
3118
5335
8067
5968
5901
9049
6062
9563
2568
3432
1106
7621
5532
2097
8131
1761
1248
7149
6789
8214
6508
2734
256
6485
2280
4806
1697
7592
2275
2343
7152
2170
5053
9479
8463
7439
9138
3755
8833
7332
358
2991
6621
1916
9423
2185
61
637
5610
2269
6723
8921
9360
4552
6759
9166
2554
8254
8228
5268
323
3652
6130
4478
2315
61
4175
1629
4547
6111
9755
8509
5194
9597
8135
5552
8968
5578
1411
3903
5091
4305
1473
3366
3319
5089
3888
5832
921
8264
1397
4307
1099
5055
1541
4882
9927
4306
2835
2676
4567
5824
7853
3063
261
2373
9618
6358
7384
6250
9752
7534
2720
1796
3002
2508
1035
2225
2954
9090
4013
7686
8014
3742
3667
1617
5073
5006
6454
4149
650
637
2480
4548
5778
8281
1453
9507
1416
8877
3288
484
5727
7878
6690
1220
3236
1844
3404
6049
8566
7010
9363
719
4220
2000
6468
32
2723
9059
378
821
8305
6853
349
4526
2278
3187
6879
949
9285
7854
1769
3642
8647
4206
2991
7828
6224
3024
3764
3742
7355
3800
1159
1868
771
6640
4627
1643
6643
2636
8976
1923
9376
1808
9454
9729
7173
5465
8868
3622
5927
4222
7946
9427
4591
3760
530
8968
2794
7957
4578
6977
9195
2980
8491
7399
821
6590
9775
7957
9483
4014
9693
1010
1236
5491
3238
9502
8820
888
8462
9124
5020
3587
3039
1654
6994
9302
8762
9920
7715
5428
6625
1806
921
3054
6109
9294
207
6882
2359
8666
1242
7950
4026
9668
8463
262
2741
4705
4086
5238
2428
3935
7753
7216
2927
8519
9751
9161
7817
2224
9351
208
691
1057
2551
5687
7669
1705
229
5890
6459
2159
8607
1984
3893
2099
8748
6203
4543
6356
822
8728
2752
2118
1860
5523
9217
9364
2807
9786
1125
4511
1823
4662
1760
9225
6007
6374
1491
9911
2935
5062
7101
8547
6805
5236
518
2194
1304
8991
1202
6774
2828
2931
8648
531
3151
4054
2808
3943
254
791
544
5830
9665
2863
5698
9862
6338
7620
8804
1771
8906
1165
69
5173
3944
9701
5801
3120
7775
250
4191
3221
7328
200
1052
6524
9544
1974
9951
4195
929
2506
3987
1483
4980
7205
8447
5475
5434
4607
4506
1681
7535
1011
4227
4636
7862
4055
6199
9395
5641
418
9342
4043
4937
5593
9632
8152
7605
3056
821
8507
1508
6024
5549
1351
7105
7510
7713
9914
8255
3376
407
7029
9813
8700
6324
5303
5470
9947
9102
1471
4132
4106
4784
7317
2137
1298
2284
6874
1572
9162
575
8483
2098
5752
8134
728
4763
2643
7156
3265
1546
1491
990
7147
3613
5357
8316
4333
4600
803
1709
2815
2630
7960
1379
1989
6242
3553
7136
2760
4897
6233
2918
8213
4342
4457
8580
3645
721
4622
3079
9246
5058
1222
1656
4770
1470
1361
7175
3187
8349
3121
2405
9483
1580
1022
5668
1519
2871
2074
7052
2198
4270
2777
6170
6036
2003
819
5290
8707
8955
5227
3616
5095
5272
5214
9479
9989
868
1091
7209
5652
1927
271
4642
2208
5898
7591
5302
24
5923
1979
6630
8097
6162
849
1829
8815
4071
9475
8355
7419
4300
5117
425
3966
1618
4659
6458
6707
7019
154
4872
8356
1998
8797
3308
975
880
2585
6992
917
37
8207
1707
2591
5851
9544
5633
8698
351
3573
2184
5015
4613
5435
2874
9820
5194
9976
5268
1593
8150
5128
6078
3784
8531
7211
3612
2103
609
9404
6937
8055
5576
2447
1359
2249
8958
980
1129
2387
9561
9814
628
3794
5431
1925
4732
4819
9989
3980
7513
5538
3285
5793
6020
5799
9144
7294
2457
7824
8864
286
3772
9378
6087
2559
2405
5773
5479
8784
5732
2909
9927
6008
4611
8942
7126
1539
3359
9215
6604
7557
4478
7610
2528
9869
1482
7657
5948
7895
2316
8365
2526
9174
4004
3050
8277
4498
6408
4209
6321
9081
9296
3878
2283
1120
2251
6870
4567
1549
1394
3748
8469
7838
377
1508
9844
256
5649
2525
4893
1230
7612
6524
7492
7075
9952
6107
4482
6740
9175
3649
2331
3976
5172
6270
5660
7815
1493
6036
9277
1162
946
4534
568
8873
8113
4519
8347
4765
5431
6499
7618
1679
3592
4755
7074
9921
186
5595
7638
7203
2763
438
5833
7546
3778
7682
5386
7514
5233
284
4090
5626
280
459
659
4804
7521
8971
8079
8356
1270
4124
5789
7089
7707
4746
2917
8930
2467
2215
8754
2672
9978
8877
4659
4319
8659
4106
3681
7938
8943
4666
310
2845
3014
3074
2992
5542
6126
6190
6295
7876
9454
6405
7953
2567
3486
9498
8400
3470
9188
6463
6877
723
1376
1430
8682
270
5053
4194
2751
3157
805
3776
7369
2489
9799
8984
4531
4935
2395
2953
246
9295
6939
1331
8877
6784
6915
7906
4549
6416
5308
7275
1570
4149
4769
1427
8852
6297
957
6026
388
6141
4328
2582
4986
7606
2514
4740
3678
1447
1483
446
2462
7439
8654
6891
1397
771
5312
1841
8439
2016
8800
3170
7876
7877
7223
8271
8726
4215
691
6377
8060
3806
3483
9750
7825
8733
957
4238
1487
1329
3493
5715
8535
8231
7323
6589
764
9218
8707
5725
4112
6249
3581
5889
3793
8401
9562
5143
8502
5238
959
2487
1510
4568
327
3481
2653
506
2029
8603
5391
4295
4222
5625
7403
3424
5775
7465
1488
4274
3715
8618
5974
9687
4959
6543
244
5699
3370
9205
1553
968
9418
6324
3852
8383
5130
9836
7996
774
1428
8588
5421
1694
8414
3314
4133
7841
1760
611
6686
1846
9916
8790
4712
2858
7569
4249
3545
7658
491
4308
3461
6879
5740
1356
1166
9307
9002
3569
6302
2209
7835
9464
2923
7184
5515
7145
5204
9104
5263
4186
9923
396
8733
810
5698
4104
5813
7279
380
7001
5035
6193
3546
8306
5178
1817
593
534
9019
1454
8594
6415
9607
8412
1784
9907
7922
2167
6289
9881
8319
8939
9565
2240
4803
5119
9898
9947
6799
6699
5269
707
7873
203
8907
8929
4627
4474
930
1952
5852
8119
1633
544
3965
4419
2150
161
1735
4064
2541
2611
7328
6223
5618
7350
9862
112
7280
7945
5781
2510
538
1938
3648
1480
945
1759
1194
2895
5730
190
3892
4374
7571
6403
8682
664
6646
7578
12
5614
1372
6749
7868
8514
9076
9648
9114
6720
2723
2058
4100
2297
8792
4462
269
7674
4406
2628
3258
4216
8893
1166
3880
8041
6116
2069
6274
9418
9099
1791
8515
5643
7742
8500
2009
2426
3769
5810
115
5489
4424
506
9620
2364
7885
9572
919
4151
8908
6171
4035
8411
2762
5136
8028
7283
9183
5998
688
9431
5756
5612
3970
479
1936
3051
8131
4231
706
6560
4145
6159
4808
6134
9670
1381
8388
5519
8550
1692
2975
4314
7645
56
8723
4243
7655
6438
8056
3635
6495
5830
9008
709
4812
7908
9852
9315
3233
7878
4922
472
87
9744
3933
9268
6482
6526
3566
9428
2893
6701
574
7262
7673
2599
296
2565
3303
4343
3047
6530
574
2504
3607
5773
4439
3631
5782
7158
7754
5506
4820
268
805
3116
5403
3081
5132
2126
1840
1726
9954
3913
143
6983
8237
5126
8733
8668
7373
5171
5651
3944
6308
7004
5391
7195
6966
216
7695
7146
2881
466
4025
1615
2017
6079
4772
1453
3980
803
1766
3062
4019
1593
6129
3194
7548
1632
1113
648
9249
1754
3209
6966
266
7932
2499
2241
5476
8552
5022
2773
368
2836
5720
4429
3678
954
453
9331
7604
7113
9500
3738
2154
9246
3015
1850
3980
2784
938
3686
2923
1421
6060
5117
1400
4834
9098
4726
2770
1810
8936
5199
4847
7441
9499
6666
3850
4656
7127
5592
2248
3688
8773
5623
1210
7820
1862
6129
4631
190
1230
91
7124
4321
7204
5469
2727
591
1598
3183
4620
1893
5139
489
8647
4365
709
628
5085
3276
1654
8403
3755
9883
3358
6586
7319
2412
9334
9916
6386
3170
121
1857
7944
4255
4460
4250
5526
6316
7378
1544
5524
8392
9142
9348
9104
1978
2297
1758
3298
9161
1475
3083
8009
2916
2042
7413
7904
7471
9234
3794
9485
8018
8959
5701
3967
2009
5120
962
6021
8742
6003
2309
6952
41
4051
9357
8377
2443
9155
9941
9147
492
5524
2466
3873
1510
6097
1235
6174
4506
6541
3526
3587
9774
2893
623
3892
1181
3112
4984
4575
117
2945
2219
8103
8675
847
9709
5763
9741
4967
3300
1907
3366
7637
9759
8629
2035
9252
5451
8129
2289
3936
1043
6330
6490
3977
7947
6666
6513
8656
4691
7376
596
5805
436
9155
5680
1173
8445
2511
187
1551
4497
5849
6376
2457
3904
5921
7154
161
6150
2064
9561
842
7933
4403
5996
6758
3872
4102
4719
423
9061
629
3134
3033
9208
7017
952
2613
2193
9138
5445
712
9531
9115
7691
3847
7443
6188
6962
7374
5036
565
237
4953
1421
7103
5171
6380
4522
6016
7817
192
1787
7244
877
5150
7051
3582
4352
6480
8401
5240
8050
8579
9039
5097
4635
5793
6875
9608
2629
6813
8853
5018
1111
6269
2862
2404
1708
9173
3494
7848
8957
9
7890
6027
7056
8467
4419
6476
9658
8094
75
1808
9420
2458
2090
6315
5768
5815
5519
1535
2546
1733
1308
2605
2060
3627
8723
5521
8382
5752
1907
788
754
1845
2828
3367
7381
1305
1877
2315
1023
9570
3015
6047
378
172
2490
790
5466
874
8876
443
964
5203
7494
5810
8751
3739
4071
9972
9818
6612
950
4407
6116
9754
4108
7428
4930
2719
775
2450
1929
5096
5552
8681
4168
1911
7573
922
1002
5784
2488
8358
9137
5067
814
4419
7846
2720
8560
1144
1759
223
6932
1781
1574
4533
5400
4836
7543
3716
6426
1227
6643
8723
783
3776
1974
4576
9510
4871
2123
4112
2303
3803
8965
1425
2405
22
4704
122
4914
2360
2831
3629
8831
7122
3113
878
3145
9872
7718
975
3775
6731
4169
4642
1309
1050
934
8624
9099
429
3135
1596
7533
7238
9139
6593
3064
3015
3589
5473
9919
3438
8816
5536
8341
5898
4502
7042
5666
6157
4996
3071
5574
4046
4708
9970
6469
691
4661
7414
2066
1400
7476
2047
6017
8995
3778
7583
7668
2105
377
7300
7903
1761
9413
1919
2422
7465
8124
6995
4782
845
864
9194
3056
1000
8608
33
2079
666
6261
9055
7868
6475
4806
5758
2081
9720
3579
1067
2100
6305
7754
4673
6727
5837
7511
4105
8351
194
8304
5081
9919
1310
6136
367
9112
6419
7824
6148
2666
6540
3845
748
988
610
575
413
6902
3314
9453
852
2674
9443
2930
1230
6271
1366
953
9381
1264
9097
7143
3177
4718
4339
856
3172
3958
882
9868
5910
6207
3790
8555
5634
4732
8903
8115
4496
1367
2370
8669
7849
8056
7161
7835
1715
9415
9804
6805
4080
4215
5952
2845
351
6152
7815
6682
5966
3316
9969
4270
5969
1361
2617
5074
2140
7533
2971
3212
3197
1433
6113
3501
2542
3689
6417
1834
1007
5534
9428
8124
9182
716
1934
548
5018
6131
4915
1786
7605
9082
17
1525
7320
7211
5263
4650
5822
1746
9827
1188
6824
5993
839
2366
9963
8719
7486
6921
5659
6475
8897
3224
8409
9790
2737
5656
9603
5618
791
8241
8663
2506
6365
4557
3079
5495
5825
607
3715
4950
3255
6484
1707
7233
2857
3466
7158
5414
8463
5435
7926
5053
3322
7447
8818
3519
6205
9665
7694
1238
1767
1915
5153
9859
4116
2669
8773
5346
2566
6367
1175
3742
7690
4735
3607
3496
3926
934
3161
1093
2268
257
2300
6029
2827
7426
3900
7091
2458
8495
3703
4391
7022
4868
4746
611
1378
7997
5119
528
2736
5969
1227
41
4593
7356
3627
4640
9194
3477
1464
2548
6140
7519
4544
9601
3613
7856
9175
1355
6519
3323
5026
2862
2783
236
5497
8104
5026
4468
3309
9168
9880
7079
6407
9883
1330
8615
6617
9904
7640
5512
4986
2964
3649
1807
3226
7387
1525
758
285
7860
3438
3909
6696
4931
9015
9631
7058
2728
8947
9257
2793
5999
3657
6518
3114
4722
2544
5221
2086
8266
5010
818
3546
1351
9188
3869
3747
917
8114
7253
3594
6415
5924
4426
8545
5990
8608
3031
4407
7589
4794
6734
1559
7091
2152
8272
8451
5228
4040
8398
7604
1304
9262
8670
3833
4458
4984
817
4880
2612
9202
1823
9280
5126
4469
1795
4862
7646
9068
1172
4061
6689
5240
4929
8924
7090
6692
4010
9571
7588
9154
8467
4718
8561
8497
2488
1874
1205
593
8833
7803
9276
5947
9080
6934
2956
9974
6508
6551
9339
6706
442
2802
5595
9727
4479
808
8954
9157
6106
5523
2299
7634
1927
7352
5401
1408
975
8011
9603
4906
8375
7628
8080
8410
3038
3651
4767
8878
5965
5788
2451
3328
270
8896
4618
2719
88
7523
6189
1801
3153
1601
5473
7017
1035
2722
3377
212
1762
4364
6179
648
1882
7437
5049
1613
8874
4632
8869
785
300
3178
6917
5423
3026
5814
4482
4454
4481
4055
7584
9559
7982
6184
2634
6505
5883
4743
3083
6094
7552
4809
7899
1384
3977
4814
6047
4109
7202
6273
7073
8589
710
7420
337
5856
6404
8450
4500
4197
4858
2846
4451
4868
8178
86
5016
3342
8983
9932
9527
7142
4758
7442
6591
1016
4176
880
264
9044
833
1767
7235
1102
289
7456
9586
8052
8322
1848
3248
5991
1849
9079
356
4975
9101
8401
8361
1691
2343
5822
9981
8792
4648
9554
5871
5791
2088
1826
6205
7725
4052
9194
8310
8184
7357
7136
4927
2689
4313
2415
1737
6909
970
8459
3361
1758
9398
4846
4220
4010
7050
1868
4351
6764
6992
5103
566
8795
5126
2944
171
5677
4378
2122
7894
8363
1286
2372
6623
6888
7413
1648
9091
7804
6579
7499
756
4035
9027
8612
3750
4934
5347
2857
8034
2500
6195
4678
8639
6963
8704
5162
7251
1215
6833
2698
2280
8969
836
800
4044
5901
561
2350
716
6565
8328
6301
6298
2383
9770
3703
4015
7643
5216
4811
7278
1109
9948
7978
5607
576
8953
4076
4803
6506
714
7247
9002
8756
4981
3934
7284
7300
1486
7355
8976
3866
122
3839
9944
6448
8251
788
6783
2747
7458
3402
7048
1800
368
8776
1475
5263
7915
1485
8444
1130
8854
4367
1886
3032
6242
1829
1268
7667
100
746
6367
1420
1571
5744
94
4764
1456
1542
9824
9660
5268
4856
1384
826
7638
2393
149
6507
1255
9423
537
8151
9396
5522
8598
1286
6512
234
2366
1786
8396
1574
1190
2727
1946
4587
8318
7062
4750
5493
711
474
6324
9361
6263
6922
6153
5671
1369
6643
8466
6692
1174
2675
54
8142
692
7311
5394
255
7504
4327
2831
86
5728
6332
6635
2660
6600
9092
2392
9372
3120
6343
7358
6978
4961
9242
3161
9436
5127
4360
5568
7896
1662
2919
4887
1217
6162
1836
1024
508
5772
4041
9229
6435
6913
1571
6096
7260
7072
9928
556
8951
5622
6352
1243
6048
5913
7803
9907
3477
8592
6705
322
4974
516
3774
3562
3390
4488
7649
3404
1784
2540
445
165
1910
9508
6827
7314
8477
4248
1792
2844
3394
2992
8900
6569
4097
3076
6423
5272
4012
5536
3585
9927
1231
1935
2866
3124
3557
4184
7228
233
4202
6067
3014
4865
2652
1774
281
7757
9468
9764
2361
8309
2102
9999
5573
9724
1250
8788
8158
1920
3660
8254
4767
1230
7877
6799
9129
2263
3961
2849
2865
5233
6866
6612
2872
1590
5877
3648
3161
1826
9248
9611
9586
1971
4058
7709
7525
9476
6135
9133
3243
4938
3912
1993
9381
3430
3053
6148
3859
8081
5785
9717
9291
8986
31
8048
6977
2538
8593
7416
5500
9818
7971
3875
9003
7831
9672
2284
4351
4049
4293
1798
9532
2979
102
1871
7923
3281
3368
7169
4287
5358
7253
703
8808
2257
9750
1967
4813
1229
8824
885
4382
9373
4711
8969
3552
4392
5128
6278
5464
708
9084
6438
5439
1905
8875
2304
6754
2799
7933
1686
9639
8325
4221
5951
8914
1829
5043
4301
7581
2402
9333
3058
4696
9434
7747
2372
5887
2676
9230
2440
3977
7836
5099
7534
5372
929
8162
8926
5105
9470
4894
7144
9702
4926
3276
9887
2429
8829
7549
4424
9884
4406
3835
2310
2391
6702
7348
9867
3193
6743
2745
9
3073
9513
4064
9758
7678
1258
9647
3019
4578
8947
461
96
5885
3589
7329
3764
120
9562
3684
6767
3922
4090
5725
7059
222
4588
1053
5273
4498
6705
253
3516
4888
2601
3253
5831
5081
7237
3739
8431
1147
263
447
2186
4791
2489
3712
715
5833
8839
9304
4934
6177
4203
9296
8940
6007
4672
1455
2684
491
4245
4488
4080
1885
6318
6390
6887
7619
9987
7044
1003
9662
3533
4298
8643
4274
1323
4774
3295
4117
5808
6856
8304
6604
3279
3459
8479
3378
655
6485
1204
5834
638
3187
3207
729
4323
7063
5332
8087
3553
2335
491
848
157
1626
9258
2007
5572
977
3537
351
2282
5045
1149
322
8032
7965
3268
5030
4814
2196
2188
3977
7262
8436
9092
8668
9292
4628
207
9973
3543
1020
4990
809
5530
1243
1877
6545
3268
6491
5496
3370
3572
983
4245
1800
8251
2123
8640
8477
6960
8044
8969
4472
8623
8512
5416
2409
3
2622
5049
7902
8273
8117
7862
3031
4243
2697
8385
891
4266
7289
303
595
1815
4854
8980
1550
4188
6027
837
4300
5891
4672
9104
2789
7865
2232
2642
9493
910
9666
8251
570
2408
9722
7153
2882
7789
298
3193
8560
2009
1744
3706
5657
1805
7070
3968
5314
6455
4268
2692
6904
3346
4196
9105
2629
4795
5800
1818
2173
4228
2876
5925
6188
3104
2980
7522
4612
4768
9660
4223
2143
7794
3723
6126
8527
9323
7927
4159
5756
8415
2163
1796
7764
465
2982
1676
738
6395
2148
875
3791
4511
3769
7263
417
8652
8557
4661
860
3594
6726
6396
4370
7542
8186
5202
8137
1966
9769
2453
6647
1074
4469
1175
1181
6736
6936
5449
4223
9842
2784
3424
7656
5734
6677
2398
6813
9620
5608
2224
4654
7698
9307
7615
1679
1066
9278
842
7515
2479
1638
3805
9559
472
6609
2463
2534
1457
9283
7225
366
8025
2140
55
8419
868
9646
2764
9762
2498
9253
1245
3910
3233
1114
7258
274
3836
927
2771
1406
4583
6441
1845
3054
7581
8388
1577
9028
7690
851
6701
8938
7563
4414
2138
5952
3968
7854
3961
9921
5833
540
2066
8437
9280
8289
7157
4695
1249
9938
577
6402
1308
600
7983
4369
690
219
6889
2951
8711
2854
3717
7013
9323
2919
8121
1722
4745
9510
1113
2158
8883
8923
8759
9439
553
8439
5088
8881
5396
1591
6266
3566
5819
6216
3021
3611
305
1838
9902
7424
6973
2178
7983
6284
1436
1924
2327
7671
5651
4271
6730
5990
2749
7228
6049
1516
2605
2173
759
9733
4327
7736
9304
3563
4750
5726
1267
443
6536
3528
8421
4652
5554
9161
1322
2876
4814
1007
6254
7592
1459
4142
1069
8523
4024
9126
8740
7166
9530
7129
4290
3177
3824
7385
4171
4283
4031
9058
7145
3275
8994
9841
2230
6675
2116
7875
2404
9662
1173
1892
2376
1006
1340
6892
4998
9894
932
9102
3640
3786
4171
4511
7208
2736
1661
9815
409
971
7220
3295
4306
954
9180
5815
1264
8624
5360
8914
3980
1075
3543
7803
438
9537
3446
1954
5355
1206
1975
4929
3978
3178
825
8121
5925
583
4381
155
5167
8851
6334
4827
7238
6950
5378
5697
6281
4469
3979
4673
2622
424
9291
5303
6257
5793
1989
8840
2807
4971
7070
2633
6337
3544
445
5895
7731
1117
6555
7490
8254
8257
5175
4014
5381
6050
49
4163
2040
5274
8114
7134
958
9711
5636
8645
3021
4739
6821
8047
2217
8046
1195
3971
70
3994
8349
3932
9277
7020
2555
5451
9686
2255
5164
2341
9735
3543
9725
40
2972
9946
3311
8148
2408
1939
7668
6613
5087
7575
5515
4465
5502
7076
532
6394
9230
1548
4423
3028
7559
7821
817
5313
9736
6775
3670
2077
1973
6916
7399
2525
1356
8488
6972
2216
8418
5933
8864
1871
4281
8116
7943
3282
6993
6434
1106
5525
6988
632
5828
7713
3410
968
614
1591
1482
3234
4840
8436
6051
34
7415
9907
7989
7753
7314
1778
8203
3650
4109
2809
8693
1663
3358
8400
1299
8655
9934
124
2562
5086
2199
7779
7483
5384
1320
134
5854
3664
2927
4232
2321
9840
2869
785
5364
9693
4823
4988
976
9997
5208
7885
3983
6386
9974
3334
3668
7381
8659
9561
638
2663
3360
2317
8737
7536
4177
8722
9188
8341
8125
7036
4142
5534
5492
7793
3342
2114
6208
6006
689
5143
8907
2475
7173
7199
7044
4628
2846
2797
9701
3788
3294
2033
9520
6250
5425
9997
6567
162
3268
5908
4894
8839
6988
271
8049
3818
7324
1923
857
7775
3267
9332
7413
8214
2949
2132
9443
7759
6441
9574
4893
5807
4426
2281
3983
9361
8579
2515
8773
7883
7881
6007
2792
8206
66
5346
9231
721
8929
886
9790
7306
6344
203
1406
4849
2460
1218
4746
5545
8784
7304
6629
6643
6667
4915
8352
7835
7996
5571
3253
4030
5863
4401
9807
4937
420
6885
1042
557
9164
3877
7119
3461
1504
2599
5562
4576
4614
7860
2810
9055
1288
3443
1502
2813
817
8363
234
8285
726
6448
6403
65
646
605
8184
7223
9548
5033
8701
9298
4100
9627
3997
7240
9009
884
6564
8892
9881
2713
7851
1017
5312
8749
6449
6297
7762
4976
3445
4288
2057
7794
2827
9856
6311
8009
2756
1304
2512
5645
3024
3052
3045
3983
5079
4555
5044
3756
3628
7938
6590
62
3028
1726
7521
5221
7394
7012
2901
530
714
5417
9002
8687
2104
5279
133
6509
1776
3631
9544
4476
5326
6783
9219
5654
7471
1525
1448
1563
1514
2346
9725
6695
7518
7450
7748
6540
387
7775
3066
6230
8890
8778
6285
8200
8054
4307
7634
7632
243
5519
167
3868
4808
5535
2925
4464
2190
2248
7951
6117
6045
7583
2231
3283
6103
1343
9354
1007
5252
1784
5951
3210
6647
3038
4828
1462
509
1613
126
2162
5738
310
9798
1940
8450
8147
7227
2107
8117
9094
6911
3009
2127
798
8803
8256
1242
6848
2092
6984
1726
2578
2032
9536
4686
4960
2735
8228
9578
1659
4766
267
6748
3026
8863
4279
3406
3480
6119
5396
8453
5480
553
6421
4264
168
2193
4178
7659
3607
7463
831
8103
6518
8992
9705
8446
8439
8782
3937
2414
4297
7100
4131
3500
2534
4409
8130
1894
9134
5202
2014
9672
1158
699
6444
9576
6743
2006
6630
9416
5873
6586
7347
2374
7749
8644
6650
3301
6030
8400
3283
2485
2862
6115
3071
1289
6196
4211
9083
8592
2668
4859
8771
2978
9999
1011
8888
3318
8790
5999
5579
9499
3412
550
2710
5873
5675
6356
6244
2273
2987
2163
6275
1336
4766
1788
1175
6311
7036
3391
263
525
5325
5925
2350
8260
270
1722
7602
6897
8644
3877
9261
1895
4915
3282
9917
9419
4930
2975
4296
6233
3791
6775
6802
2864
4600
5129
7422
3987
3389
3521
4022
9464
8247
7864
2562
547
7426
6878
9284
8388
2046
3597
554
6172
3905
6905
6720
1957
7849
9249
6057
6605
1188
8555
3701
78
9722
740
8308
9802
1069
4239
6123
6815
1201
9440
8099
8962
9385
4066
797
5552
9997
163
5858
4558
7147
9599
6068
1699
9433
2755
8221
574
7716
9422
4315
4372
8358
1853
2981
2627
8017
7360
2437
1010
3797
1894
4784
8177
4317
6661
8983
1358
3098
6928
6470
1526
5554
5967
9049
9772
4830
7316
3427
8791
9746
5385
565
7290
195
7888
858
552
1469
3486
8125
7403
9207
4617
6323
2370
924
8552
2981
1992
8395
9387
2463
5869
7594
9890
323
6357
9295
4930
7263
5575
4009
7527
7507
4794
9479
4495
1758
9219
7607
1119
9334
662
391
3321
7557
1680
1225
1387
9033
7383
8732
1484
9059
5281
5204
9892
6066
9330
668
195
7761
1620
6631
5491
4402
4033
608
6108
8529
2647
3719
8272
7381
9659
8810
715
216
1160
5837
4301
7809
4217
4587
4403
5511
3440
2190
7000
4411
5409
4342
7226
7410
9202
4667
3467
8280
2607
6229
988
2172
6564
2861
6576
5446
4867
5656
9682
1167
2231
1762
6161
4213
1453
8424
7873
6476
9585
5143
5107
8383
3793
734
9088
7647
9881
135
8679
9999
340
7836
8779
9470
4241
1009
7900
7758
8248
5565
8946
3171
6643
2666
295
9702
8342
1539
3963
5894
596
6842
3831
1339
2306
5256
9710
5866
4706
6546
2371
2817
3542
8860
552
3114
4815
6722
3454
1290
5648
2841
1250
8130
2924
1664
1732
7098
4948
3402
3382
3365
5578
2165
3879
4911
6039
784
8319
4917
6923
7940
3292
3452
1781
273
1353
4329
4124
3299
5404
9943
1688
176
4032
2843
5337
6604
6939
7906
5158
3505
4278
3023
2935
6495
4906
9444
8492
2631
6354
5110
7179
418
3683
5645
7147
8673
5256
8006
8037
3436
985
1238
7160
9872
2593
7255
5338
7849
6054
2123
2208
5706
3537
4917
9955
6631
5877
6932
5221
6017
6899
8714
1224
6178
7765
6231
6021
6891
2909
322
8281
6384
9109
5505
8916
7560
5775
5210
5526
8562
7626
557
6694
5078
581
8887
4889
4193
7928
6463
9973
6040
6597
6961
120
41
2723
3696
3346
7078
1583
8872
774
7610
9476
7572
2262
8420
4134
7704
6101
7485
5848
9641
7092
7253
3667
939
1529
1533
9729
2154
3335
145
85
9548
2946
8492
2194
9245
9389
6305
7721
5292
6454
953
4191
957
5850
5907
614
8635
3819
4228
297
8746
2779
264
8687
2124
6291
140
5345
3594
3874
3097
6907
6638
1999
1212
2251
368
9010
4658
1989
391
4608
3281
1867
4553
9072
2963
3719
3058
3447
7048
8167
9993
9542
8897
466
9911
7793
1553
4594
8779
1779
4450
946
3363
504
5104
9894
6900
3433
5833
6820
1773
8704
1653
4245
1820
1951
5746
3190
7931
1718
3133
9005
575
7606
1533
6561
2072
8935
765
5912
9555
5004
8517
2343
6825
2815
837
4030
9591
4509
233
6468
3967
4722
2974
5297
2477
7534
9844
8175
5375
3786
1386
1953
7563
2144
9495
3557
3051
1481
2131
1713
9559
7914
6846
1924
5598
7123
1871
8965
1165
1488
561
9554
1051
1979
6154
2843
6685
6785
9004
7907
8420
2179
7709
5477
5226
6296
8893
5873
2843
3137
7780
6252
4652
2420
3182
8122
1732
661
5993
387
9889
282
9919
4114
1785
6465
6766
2662
1742
5977
6341
4874
9259
8259
2783
9608
4844
6689
4968
7053
8375
7132
8522
5983
5865
1630
945
6398
5251
7406
9350
3853
5633
5237
2402
5152
7230
6669
4206
5100
1272
6586
8070
495
9999
6172
2355
676
7020
1455
8942
3570
7378
4299
7251
2422
4836
5985
3199
1173
1159
8288
2984
5775
8438
3397
6193
4684
880
1911
1348
4184
6910
7682
9721
3295
5914
9307
19
8548
6500
742
7360
1120
4765
7654
4862
7510
1748
1907
5120
243
8940
3892
1863
6910
9581
1273
9162
4288
1289
3173
6706
9233
2498
820
4860
9575
1199
9246
2500
6364
9480
9741
3939
3427
1511
9474
8652
1471
5770
2936
8968
1708
4557
9665
6413
8338
5136
4112
6957
156
7195
6425
9089
8967
768
7439
6310
6589
7216
7227
7435
2771
3428
4197
3908
3537
6025
883
3230
3177
7997
3377
1561
3394
4963
3620
6554
9960
2040
7662
3602
640
5149
8460
4760
8124
2536
8745
9873
8217
3251
8091
3660
6664
9394
8428
860
7620
8033
3924
3930
3007
6888
4441
4240
4779
5091
6541
8235
1472
6658
2441
4595
6301
9643
5222
7096
6565
8390
8114
551
3139
9766
6742
3992
4418
6823
5843
6095
1265
4948
6147
2710
8206
6207
2888
5345
1413
7366
4691
2460
5861
5848
505
2499
2457
5735
2634
8744
888
2880
5975
1262
5506
4147
7100
509
9625
876
1961
466
8283
754
7685
6570
754
5460
2167
5182
1845
3701
5012
6828
5386
524
4714
5042
4234
4176
9932
6280
8539
1204
7209
4067
8120
8959
3556
2338
5333
2237
9927
8723
2002
7376
832
8453
7719
2838
6063
3495
7044
2
2833
9563
67
1720
501
5710
4115
9036
5491
7367
4426
8403
1041
3887
8103
2700
4931
5934
8779
9432
8529
6361
9071
8564
2128
656
4122
654
4836
9437
2328
3169
2077
6048
8669
9158
138
6842
1986
7837
5161
413
25
1047
3427
4726
5070
3047
923
7866
8629
3643
2715
8966
5751
6264
6936
739
8298
3281
3867
4041
1781
595
7961
7860
2189
2307
9508
5231
7688
4170
3088
6732
4996
1425
1956
8388
1807
2613
1071
101
4710
6020
6616
4057
6722
9498
6525
9932
9761
7597
4796
5191
5183
2175
2206
4299
9845
3953
7365
213
6062
2832
5054
5198
1291
4234
3232
5701
7442
7195
6204
7782
251
7498
9057
5438
6378
5741
7643
4042
9556
5917
9168
5088
7428
4801
738
6424
7560
6259
7109
4266
4502
7445
4301
9404
9770
5771
2775
237
3119
6532
2398
9517
6613
1111
1575
36
2625
4797
4606
6866
3131
1439
4575
230
454
9366
3899
3588
8946
9332
1048
6106
3003
588
9861
7323
9306
5620
7410
4533
174
7551
7432
161
533
6805
8944
7254
3180
5175
3874
6092
5690
6180
3297
3872
7663
270
9144
2466
8795
2287
7171
6282
6706
6422
7388
3464
8402
839
160
8809
805
120
9743
6094
3855
8754
2182
812
4372
2970
1129
1713
59
1416
3448
1006
843
7414
6252
8593
9063
6810
8409
5273
951
5817
2491
3532
9297
2656
7637
2194
1248
5302
9878
3013
5768
5174
4077
3093
2441
3233
858
6933
7047
622
2614
5826
9597
711
5029
395
7356
3227
4408
4079
8824
3979
6555
1581
4582
5654
9939
6440
7454
6108
4453
6207
7542
638
7201
1993
7332
3856
8433
1576
8306
4910
3999
1701
3265
7080
5514
5723
7918
9060
5796
7325
1209
576
5083
9680
6311
9461
3038
2149
3256
743
2605
3347
9764
889
4426
261
9000
1944
4690
7992
1691
972
5068
3643
5344
9954
684
885
5114
101
947
8847
9330
2369
8514
65
7609
2940
3673
7490
1048
8365
4952
9762
2076
155
1947
7347
6204
2692
3009
9469
9126
1514
8685
3282
417
1278
1657
2181
9420
3970
5251
9795
9807
8333
5564
9801
6785
877
6747
9420
4957
7333
5040
6230
5410
965
4794
3749
7811
763
8895
1138
6959
8201
6761
6335
3574
6011
5400
9935
5908
6181
2884
9228
2199
7289
9048
7938
3945
3174
5214
7407
6517
5959
3306
9255
6724
6461
4851
7858
6587
4166
2057
3382
8829
7094
6393
2574
2337
9133
4932
5027
5232
8709
1070
7205
9059
8027
4214
5169
100
6535
2476
9646
2844
5762
3528
3853
6239
5214
1376
5303
5505
631
990
7745
1024
6586
8510
8301
1082
5139
2029
7931
7114
1050
6854
385
8477
1936
9573
5989
8780
8656
7272
1786
7307
7219
1784
8835
7174
8539
4016
797
6537
6488
52
5338
345
7849
9010
1314
7967
48
2432
240
6331
3790
6364
121
9132
8131
226
3356
146
4916
1072
8147
2704
8013
7902
4590
7987
307
8327
2482
1956
8040
9048
7752
4464
7767
2409
8384
4350
5902
3549
8709
1201
4666
6586
3056
7840
1075
3700
5844
7598
7565
7971
5439
6938
3795
9421
3367
7103
9262
3787
8776
8133
5447
5305
461
4787
4379
7979
5218
6717
7767
4661
1780
4569
7131
9625
4221
9602
715
8270
7303
6889
7415
7081
8987
1184
1423
8041
2062
158
3835
4320
7718
1837
9095
8258
8733
1816
4815
8393
8937
1106
3237
9626
8620
7297
1422
9474
2625
157
5099
3798
9021
7734
8027
7421
1448
570
4725
8580
7496
9733
9456
1308
8815
9035
8479
6525
6036
3010
5741
866
3041
27
4433
2088
651
4242
8118
1284
9356
1024
5509
5055
4376
7926
2403
5312
4034
7348
2745
431
4201
7588
8373
9111
7385
6189
3575
7489
4949
3146
6292
798
4884
1889
2510
3176
5588
2751
4211
3130
8176
7055
4088
7557
5998
9941
2173
4270
233
6565
495
1514
4705
9402
1961
3085
1406
4054
8722
9381
570
7178
3516
7918
5642
2926
4654
1715
3965
3643
1666
278
8614
6485
3965
5891
5429
55
9288
7397
2027
4244
2212
4732
2311
2005
5541
100
857
3980
8996
5854
6421
5604
312
4926
2784
1613
3585
6927
8176
4697
8488
1954
1563
3477
1880
4549
5275
9950
205
2275
8615
8049
7103
6930
6384
3119
5693
1554
9571
6707
9086
3068
2858
2322
5870
8633
5044
5599
9563
3638
4002
6634
2285
610
7378
3176
3318
1254
3870
830
2579
8356
7633
465
7601
341
131
3591
70
8895
9572
3668
4674
9269
7983
4994
8609
3606
9891
1126
4883
9982
4647
1611
6333
3693
6467
9250
126
2793
2432
32
4455
6859
8876
4472
117
6550
886
2131
9712
1636
7928
784
6310
6866
1044
7907
1617
8312
3498
4950
883
7608
7272
4201
8140
7912
2393
3948
650
3346
4720
132
5950
3159
515
1713
8291
2947
2894
2547
3860
7873
6093
4765
5789
7016
8352
7332
592
3757
3218
8773
7445
4382
2027
4882
510
6005
7463
641
2354
5315
9196
563
3451
1678
7822
3174
8744
1677
2594
3483
7275
7303
1752
1908
5028
6702
1682
9390
4279
4632
2547
6160
4991
9597
3582
6021
5111
6008
827
8877
6953
2657
3678
1722
6299
3284
4389
2357
9329
1102
6398
653
45
6742
3171
9397
7445
8311
9187
408
7413
2952
8600
1963
8994
1670
5167
365
8535
3020
9077
1925
8035
6711
2503
1585
5979
5179
5848
948
9887
9751
981
1581
9907
8142
6038
9100
1830
1716
8801